2.05
2.05
2.05
2.05
2.05
2.05
2.05
2.05
2.05
2.05
2.05
2.05
2.05
2.05
2.05
2.05
2.05
2.05
2.05
2.05
2.05
2.05
2.05
2.05
2.05
2.05
2.05
2.05
2.05
2.05
2.05
2.05
2.05
2.05
2.05
2.05
2.05
2.05
2.05
2.05
2.05
2.05
2.05
2.05
2.05
2.05
2.05
2.05
2.05
2.05
2.05
2.05
2.05
2.05
2.05
2.05
2.05
2.05
2.05
2.05
2.05
2.05
2.05
2.05
2.05
2.05
2.05
2.05
2.05
2.05
2.05
2.05
2.05
2.05
2.05
2.05
2.05
2.05
2.05
2.05
2.05
2.05
2.05
2.05
2.05
2.05
2.05
2.05
2.05
2.05
2.05
2.05
2.05
2.05
2.05
2.05
2.05
2.05
2.05
2.05
2.05
2.05
2.05
2.05
2.05
2.05
2.05
2.05
2.05
2.05
2.05
2.05
2.05
2.05
2.05
2.05
2.05
2.05
2.05
2.05
2.05
2.05
2.05
2.05
2.05
2.05
2.05
2.05
2.05
2.05
2.05
2.05
2.05
2.05
2.05
2.05
2.05
2.05
2.05
2.05
2.05
2.05
2.05
2.05
2.05
2.05
2.05
2.05
2.05
2.05
2.05
2.05
2.05
2.05
2.05
2.05
2.05
2.05
2.05
2.05
2.05
2.05
2.05
2.05
2.05
2.05
2.05
2.05
2.05
2.05
2.05
2.05
2.05
2.05
2.05
2.05
2.05
2.05
2.05
2.05
2.05
2.05
2.05
2.05
2.05
2.05
2.05
2.05
2.05
2.05
2.05
2.05
2.05
2.05
2.05
2.05
2.05
2.05
2.05
2.05
2.05
2.05
2.05
2.05
2.05
2.05
2.05
2.05
2.05
2.05
2.05
2.05
2.05
2.05
2.05
2.05
2.05
2.05
2.05
2.05
2.05
2.05
2.05
2.05
2.05
2.05
2.05
2.05
2.05
2.05
2.05
2.05
2.05
2.05
2.05
2.05
2.05
2.05
2.05
2.05
2.05
2.05
2.05
2.05
2.05
2.05
2.05
2.05
2.05
2.05
2.05
2.05
2.05
2.05
2.05
2.05
2.05
2.05
2.05
2.05
2.05
2.05
2.05
2.05
2.05
2.05
2.05
2.05
2.05
2.05
2.05
2.05
2.05
2.05
2.05
2.05
2.05
2.05
2.05
2.05
2.05
2.05
2.05
2.05
2.05
2.05
2.05
2.05
2.05
2.05
2.05
2.05
2.05
2.05
2.05
2.05
2.05
2.05
2.05
2.05
2.05
2.05
2.05
2.05
2.05
2.05
2.05
2.05
2.05
2.05
2.05
2.05
2.05
2.05
2.05
2.05
2.05
2.05
2.05
2.05
2.05
2.05
2.05
2.05
2.05
2.05
2.05
2.05
2.05
2.05
2.05
2.05
2.05
2.05
2.05
2.05
2.05
2.05
2.05
2.05
2.05
2.05
2.05
2.05
2.05
2.05
2.05
2.05
2.05
2.05
2.05
2.05
2.293335
2.344965
2.328112
2.05
2.05
2.05
2.05
2.05
2.05
2.05
2.05
2.05
2.05
2.05
2.05
2.05
2.05
2.05
2.05
2.05
2.05
2.05
2.05
2.05
2.05
2.05
2.05
2.05
2.05
2.05
2.05
2.05
2.05
2.05
2.05
2.05
2.05
2.05
2.05
2.05
2.05
2.05
2.05
2.05
2.05
2.05
2.05
2.05
2.05
2.05
2.05
2.05
2.05
2.05
2.05
2.05
2.05
2.05
2.05
2.05
2.05
2.05
2.05
2.05
2.05
2.05
2.05
2.05
2.05
2.05
2.05
2.05
2.05
2.05
2.05
2.05
2.05
2.05
2.05
2.05
2.05
2.05
2.05
2.05
2.05
2.05
2.05
2.05
2.05
2.05
2.05
2.05
2.05
2.05
2.05
2.05
2.05
2.05
2.05
2.05
2.371876
2.482106
2.481672
2.433219
2.05
2.05
2.05
2.05
2.05
2.05
2.05
2.05
2.05
2.05
2.05
2.05
2.05
2.05
2.05
2.05
2.05
2.05
2.05
2.05
2.05
2.05
2.05
2.05
2.05
2.05
2.05
2.05
2.05
2.05
2.05
2.05
2.05
2.05
2.05
2.05
2.05
2.05
2.05
2.05
2.05
2.05
2.05
2.05
2.05
2.05
2.05
2.05
2.05
2.05
2.05
2.05
2.05
2.05
2.05
2.05
2.05
2.05
2.05
2.05
2.05
2.05
2.05
2.05
2.05
2.05
2.05
2.05
2.05
2.05
2.05
2.05
2.05
2.05
2.05
2.05
2.05
2.05
2.05
2.05
2.05
2.05
2.05
2.05
2.05
2.05
2.05
2.05
2.05
2.05
2.05
2.05
2.05
2.05
2.05
2.05
2.400897
2.583141
2.59435
2.57833
2.498903
2.05
2.05
2.05
2.05
2.05
2.05
2.05
2.05
2.05
2.05
2.05
2.05
2.05
2.05
2.05
2.05
2.05
2.05
2.05
2.05
2.05
2.05
2.05
2.05
2.05
2.05
2.05
2.05
2.05
2.05
2.05
2.05
2.05
2.05
2.05
2.05
2.05
2.05
2.05
2.05
2.05
2.05
2.05
2.05
2.05
2.05
2.05
2.05
2.05
2.05
2.05
2.05
2.05
2.05
2.05
2.05
2.05
2.05
2.05
2.05
2.05
2.05
2.05
2.05
2.05
2.05
2.05
2.05
2.05
2.05
2.05
2.05
2.05
2.05
2.05
2.05
2.05
2.05
2.05
2.05
2.05
2.05
2.05
2.05
2.05
2.05
2.05
2.05
2.05
2.05
2.05
2.05
2.05
2.05
2.05
2.394264
2.624799
2.666898
2.665355
2.616404
2.496484
2.05
2.05
2.05
2.05
2.05
2.05
2.05
2.05
2.05
2.05
2.05
2.05
2.05
2.05
2.05
2.05
2.05
2.05
2.05
2.05
2.05
2.05
2.05
2.05
2.05
2.05
2.05
2.05
2.05
2.05
2.05
2.05
2.05
2.05
2.05
2.05
2.05
2.05
2.05
2.05
2.05
2.05
2.05
2.05
2.05
2.05
2.05
2.05
2.05
2.05
2.05
2.05
2.05
2.05
2.05
2.05
2.05
2.05
2.05
2.05
2.05
2.05
2.05
2.05
2.05
2.05
2.05
2.05
2.05
2.05
2.05
2.05
2.05
2.05
2.05
2.05
2.05
2.05
2.05
2.05
2.05
2.05
2.05
2.05
2.05
2.05
2.05
2.05
2.05
2.05
2.05
2.05
2.05
2.05
2.05
2.622797
2.683358
2.690067
2.676647
2.594739
2.414331
2.05
2.05
2.05
2.05
2.05
2.05
2.05
2.05
2.05
2.05
2.05
2.05
2.05
2.05
2.05
2.05
2.05
2.05
2.05
2.05
2.05
2.05
2.05
2.05
2.05
2.05
2.05
2.05
2.05
2.05
2.05
2.05
2.05
2.05
2.05
2.05
2.05
2.05
2.05
2.05
2.05
2.05
2.05
2.05
2.05
2.05
2.05
2.05
2.05
2.05
2.05
2.05
2.05
2.05
2.05
2.05
2.05
2.05
2.05
2.05
2.05
2.05
2.05
2.05
2.05
2.05
2.05
2.05
2.05
2.05
2.05
2.05
2.05
2.05
2.05
2.05
2.05
2.05
2.05
2.05
2.05
2.05
2.05
2.05
2.05
2.05
2.05
2.05
2.05
2.05
2.05
2.05
2.05
2.05
2.444192
2.676379
2.697737
2.697982
2.657586
2.535746
2.05
2.05
2.05
2.05
2.05
2.05
2.05
2.05
2.05
2.05
2.05
2.05
2.05
2.05
2.05
2.05
2.05
2.05
2.05
2.05
2.05
2.05
2.05
2.05
2.05
2.05
2.05
2.05
2.05
2.05
2.05
2.05
2.05
2.05
2.05
2.05
2.05
2.05
2.05
2.05
2.05
2.05
2.05
2.05
2.05
2.05
2.05
2.05
2.05
2.05
2.05
2.05
2.05
2.05
2.05
2.05
2.05
2.05
2.05
2.05
2.05
2.05
2.05
2.05
2.05
2.05
2.05
2.05
2.05
2.05
2.05
2.05
2.05
2.05
2.05
2.05
2.05
2.05
2.05
2.05
2.05
2.05
2.05
2.05
2.05
2.05
2.05
2.05
2.05
2.05
2.05
2.05
2.05
2.05
2.05
2.592898
2.699344
2.713935
2.702327
2.620583
2.430985
2.05
2.05
2.05
2.05
2.05
2.05
2.05
2.05
2.05
2.05
2.05
2.05
2.05
2.05
2.05
2.05
2.05
2.05
2.05
2.05
2.05
2.05
2.05
2.05
2.05
2.05
2.05
2.05
2.05
2.05
2.05
2.05
2.05
2.05
2.05
2.05
2.05
2.05
2.05
2.05
2.05
2.05
2.05
2.05
2.05
2.05
2.05
2.05
2.05
2.05
2.05
2.05
2.05
2.05
2.05
2.05
2.05
2.05
2.05
2.05
2.05
2.05
2.05
2.05
2.05
2.05
2.05
2.05
2.05
2.05
2.05
2.05
2.05
2.05
2.05
2.05
2.05
2.05
2.05
2.05
2.05
2.05
2.05
2.05
2.05
2.05
2.05
2.05
2.05
2.05
2.05
2.05
2.05
2.05
2.297033
2.691603
2.733714
2.734261
2.690861
2.564763
2.05
2.05
2.05
2.05
2.05
2.05
2.05
2.05
2.05
2.05
2.05
2.05
2.05
2.05
2.05
2.05
2.05
2.05
2.05
2.05
2.05
2.05
2.05
2.05
2.05
2.05
2.05
2.05
2.05
2.05
2.05
2.05
2.05
2.05
2.05
2.05
2.05
2.05
2.05
2.05
2.05
2.05
2.05
2.05
2.05
2.05
2.05
2.05
2.05
2.05
2.05
2.05
2.05
2.05
2.05
2.05
2.05
2.05
2.05
2.05
2.05
2.05
2.05
2.05
2.05
2.05
2.05
2.05
2.05
2.05
2.05
2.05
2.05
2.05
2.05
2.05
2.05
2.05
2.05
2.05
2.05
2.05
2.05
2.05
2.05
2.05
2.05
2.05
2.05
2.05
2.05
2.05
2.05
2.05
2.05
2.636759
2.741708
2.757846
2.745468
2.658845
2.475737
2.05
2.05
2.05
2.05
2.05
2.05
2.05
2.05
2.05
2.05
2.05
2.05
2.05
2.05
2.05
2.05
2.05
2.05
2.05
2.05
2.05
2.05
2.05
2.05
2.05
2.05
2.05
2.05
2.05
2.05
2.05
2.05
2.05
2.05
2.05
2.05
2.05
2.05
2.05
2.05
2.05
2.05
2.05
2.05
2.05
2.05
2.05
2.05
2.05
2.05
2.05
2.05
2.05
2.05
2.05
2.05
2.05
2.05
2.05
2.05
2.05
2.05
2.05
2.05
2.05
2.05
2.05
2.05
2.05
2.05
2.05
2.05
2.05
2.05
2.05
2.05
2.05
2.05
2.05
2.05
2.05
2.05
2.05
2.05
2.05
2.05
2.05
2.05
2.05
2.05
2.05
2.05
2.05
2.05
2.469255
2.740189
2.782287
2.782378
2.735473
2.612499
2.05
2.05
2.05
2.05
2.05
2.05
2.05
2.05
2.05
2.05
2.05
2.05
2.05
2.05
2.05
2.05
2.05
2.05
2.05
2.05
2.05
2.05
2.05
2.05
2.05
2.05
2.05
2.05
2.05
2.05
2.05
2.05
2.05
2.05
2.05
2.05
2.05
2.05
2.05
2.05
2.05
2.05
2.05
2.05
2.05
2.05
2.05
2.05
2.05
2.05
2.05
2.05
2.05
2.05
2.05
2.05
2.05
2.05
2.05
2.05
2.05
2.05
2.05
2.05
2.05
2.05
2.05
2.05
2.05
2.05
2.05
2.05
2.05
2.05
2.05
2.05
2.05
2.05
2.05
2.05
2.05
2.05
2.05
2.05
2.05
2.05
2.05
2.05
2.05
2.05
2.05
2.05
2.05
2.05
2.05
2.702914
2.792774
2.807937
2.797013
2.710405
2.536559
2.05
2.05
2.05
2.05
2.05
2.05
2.05
2.05
2.05
2.05
2.05
2.05
2.05
2.05
2.05
2.05
2.05
2.05
2.05
2.05
2.05
2.05
2.05
2.05
2.05
2.05
2.05
2.05
2.05
2.05
2.05
2.05
2.05
2.05
2.05
2.05
2.05
2.05
2.05
2.05
2.05
2.05
2.05
2.05
2.05
2.05
2.05
2.05
2.05
2.05
2.05
2.05
2.05
2.05
2.05
2.05
2.05
2.05
2.05
2.05
2.05
2.05
2.05
2.05
2.05
2.05
2.05
2.05
2.05
2.05
2.05
2.05
2.05
2.05
2.05
2.05
2.05
2.05
2.05
2.05
2.05
2.05
2.05
2.05
2.05
2.05
2.05
2.05
2.05
2.05
2.05
2.05
2.05
2.548491
2.65286
2.790225
2.831596
2.832255
2.792269
2.67048
2.41899
2.05
2.05
2.05
2.05
2.05
2.05
2.05
2.05
2.05
2.05
2.05
2.05
2.05
2.05
2.05
2.05
2.05
2.05
2.05
2.05
2.05
2.05
2.05
2.05
2.05
2.05
2.05
2.05
2.05
2.05
2.05
2.05
2.05
2.05
2.05
2.05
2.05
2.05
2.05
2.05
2.05
2.05
2.05
2.05
2.05
2.05
2.05
2.05
2.05
2.05
2.05
2.05
2.05
2.05
2.05
2.05
2.05
2.05
2.05
2.05
2.05
2.05
2.05
2.05
2.05
2.05
2.05
2.05
2.05
2.05
2.05
2.05
2.05
2.05
2.05
2.05
2.05
2.05
2.05
2.05
2.05
2.05
2.05
2.05
2.05
2.05
2.05
2.05
2.05
2.350088
2.650174
2.788915
2.868339
2.90621
2.910432
2.900766
2.848713
2.841661
2.763014
2.597657
2.05
2.05
2.05
2.05
2.05
2.05
2.05
2.05
2.05
2.05
2.05
2.05
2.05
2.05
2.05
2.05
2.05
2.05
2.05
2.05
2.05
2.05
2.05
2.05
2.05
2.05
2.05
2.05
2.05
2.05
2.05
2.05
2.05
2.05
2.05
2.05
2.05
2.05
2.05
2.05
2.05
2.05
2.05
2.05
2.05
2.05
2.05
2.05
2.05
2.05
2.05
2.05
2.05
2.05
2.05
2.05
2.05
2.05
2.05
2.05
2.05
2.05
2.05
2.05
2.05
2.05
2.05
2.05
2.05
2.05
2.05
2.05
2.05
2.05
2.05
2.05
2.05
2.05
2.05
2.05
2.05
2.05
2.05
2.05
2.05
2.05
2.05
2.05
2.62077
2.815712
2.93258
3.013022
3.06511
3.090006
3.093611
3.087621
3.059425
2.988729
2.865757
2.700083
2.434151
2.05
2.05
2.05
2.05
2.05
2.05
2.05
2.05
2.05
2.05
2.05
2.05
2.05
2.05
2.05
2.05
2.05
2.05
2.05
2.05
2.05
2.05
2.05
2.05
2.05
2.05
2.05
2.05
2.05
2.05
2.05
2.05
2.05
2.05
2.05
2.05
2.05
2.05
2.05
2.05
2.05
2.05
2.05
2.05
2.05
2.05
2.05
2.05
2.05
2.05
2.05
2.05
2.05
2.05
2.05
2.05
2.05
2.05
2.05
2.05
2.05
2.05
2.05
2.05
2.05
2.05
2.05
2.05
2.05
2.05
2.05
2.05
2.05
2.05
2.05
2.05
2.05
2.05
2.05
2.05
2.05
2.05
2.05
2.05
2.05
2.392715
2.73315
2.900251
3.018045
3.106872
3.16805
3.2032
3.221702
3.223945
3.221051
3.204113
3.163299
3.095218
2.989719
2.820061
2.506119
2.05
2.05
2.05
2.05
2.05
2.05
2.05
2.05
2.05
2.05
2.05
2.05
2.05
2.05
2.05
2.05
2.05
2.05
2.05
2.05
2.05
2.05
2.05
2.05
2.05
2.05
2.05
2.05
2.05
2.05
2.05
2.05
2.05
2.05
2.05
2.05
2.05
2.05
2.05
2.05
2.05
2.05
2.05
2.05
2.05
2.05
2.05
2.05
2.05
2.05
2.05
2.05
2.05
2.05
2.05
2.05
2.05
2.05
2.05
2.05
2.05
2.05
2.05
2.05
2.05
2.05
2.05
2.05
2.05
2.05
2.05
2.05
2.05
2.05
2.05
2.05
2.05
2.05
2.05
2.05
2.05
2.05
2.05
2.432642
2.754154
2.936504
3.058667
3.151422
3.218406
3.263631
3.289132
3.302314
3.303211
3.299399
3.28514
3.257532
3.217626
3.154816
3.060891
2.898824
2.62162
2.05
2.05
2.05
2.05
2.05
2.05
2.05
2.05
2.05
2.05
2.05
2.05
2.05
2.05
2.05
2.05
2.05
2.05
2.05
2.05
2.05
2.05
2.05
2.05
2.05
2.05
2.05
2.05
2.05
2.05
2.05
2.05
2.05
2.05
2.05
2.05
2.05
2.05
2.05
2.05
2.05
2.05
2.05
2.05
2.05
2.05
2.05
2.05
2.05
2.05
2.05
2.05
2.05
2.05
2.05
2.05
2.05
2.05
2.05
2.05
2.05
2.05
2.05
2.05
2.05
2.05
2.05
2.05
2.05
2.05
2.05
2.05
2.05
2.05
2.05
2.05
2.05
2.05
2.05
2.05
2.05
2.05
2.709293
2.911358
3.057328
3.155435
3.234265
3.283627
3.316007
3.334506
3.339187
3.338914
3.330774
3.313462
3.284126
3.248432
3.201352
3.141444
3.057983
2.923366
2.651932
2.05
2.05
2.05
2.05
2.05
2.05
2.05
2.05
2.05
2.05
2.05
2.05
2.05
2.05
2.05
2.05
2.05
2.05
2.05
2.05
2.05
2.05
2.05
2.05
2.05
2.05
2.05
2.05
2.05
2.05
2.05
2.05
2.05
2.05
2.05
2.05
2.05
2.05
2.05
2.05
2.05
2.05
2.05
2.05
2.05
2.05
2.05
2.05
2.05
2.05
2.05
2.05
2.05
2.05
2.05
2.05
2.05
2.05
2.05
2.05
2.05
2.05
2.05
2.05
2.05
2.05
2.05
2.05
2.05
2.05
2.05
2.05
2.05
2.05
2.05
2.05
2.05
2.05
2.05
2.05
2.590524
2.844482
3.009461
3.12981
3.220101
3.28161
3.31995
3.343687
3.354171
3.355098
3.352705
3.340672
3.319834
3.290064
3.252597
3.207925
3.152619
3.085653
3.000865
2.86669
2.600011
2.05
2.05
2.05
2.05
2.05
2.05
2.05
2.05
2.05
2.05
2.05
2.05
2.05
2.05
2.05
2.05
2.05
2.05
2.05
2.05
2.05
2.05
2.05
2.05
2.05
2.05
2.05
2.05
2.05
2.05
2.05
2.05
2.05
2.05
2.05
2.05
2.05
2.05
2.05
2.05
2.05
2.05
2.05
2.05
2.05
2.05
2.05
2.05
2.05
2.05
2.05
2.05
2.05
2.05
2.05
2.05
2.05
2.05
2.05
2.05
2.05
2.05
2.05
2.05
2.05
2.05
2.05
2.05
2.05
2.05
2.05
2.05
2.05
2.05
2.05
2.05
2.05
2.05
2.05
2.717931
2.925983
3.071852
3.179735
3.253331
3.305981
3.337106
3.355847
3.361655
3.361848
3.356889
3.343983
3.321419
3.293337
3.255862
3.211405
3.159818
3.097918
3.0202
2.923548
2.775956
2.41759
2.05
2.05
2.05
2.05
2.05
2.05
2.05
2.05
2.05
2.05
2.05
2.05
2.05
2.05
2.05
2.05
2.05
2.05
2.05
2.05
2.05
2.05
2.05
2.05
2.05
2.05
2.05
2.05
2.05
2.05
2.05
2.05
2.05
2.05
2.05
2.05
2.05
2.05
2.05
2.05
2.05
2.05
2.05
2.05
2.05
2.05
2.05
2.05
2.05
2.05
2.05
2.05
2.05
2.05
2.05
2.05
2.05
2.05
2.05
2.05
2.05
2.05
2.05
2.05
2.05
2.05
2.05
2.05
2.05
2.05
2.05
2.05
2.05
2.05
2.05
2.05
2.05
2.445415
2.789788
2.980232
3.10925
3.206328
3.271386
3.316553
3.344776
3.359704
3.364225
3.364096
3.358814
3.344339
3.323469
3.295504
3.258363
3.214051
3.162895
3.101488
3.028705
2.94353
2.828751
2.64717
2.05
2.05
2.05
2.05
2.05
2.05
2.05
2.05
2.05
2.05
2.05
2.05
2.05
2.05
2.05
2.05
2.05
2.05
2.05
2.05
2.05
2.05
2.05
2.05
2.05
2.05
2.05
2.05
2.05
2.05
2.05
2.05
2.05
2.05
2.05
2.05
2.05
2.05
2.05
2.05
2.05
2.05
2.05
2.05
2.05
2.05
2.05
2.05
2.05
2.05
2.05
2.05
2.05
2.05
2.05
2.05
2.05
2.05
2.05
2.05
2.05
2.05
2.05
2.05
2.05
2.05
2.05
2.05
2.05
2.05
2.05
2.05
2.05
2.05
2.05
2.348841
2.437551
2.539737
2.836254
3.009354
3.128711
3.217904
3.2766
3.319857
3.346476
3.36051
3.364422
3.364378
3.359365
3.346634
3.32514
3.297922
3.261412
3.217668
3.167212
3.105798
3.032986
2.953343
2.850748
2.709909
2.423853
2.05
2.05
2.05
2.05
2.05
2.05
2.05
2.05
2.05
2.05
2.05
2.05
2.05
2.05
2.05
2.05
2.05
2.05
2.05
2.05
2.05
2.05
2.05
2.05
2.05
2.05
2.05
2.05
2.05
2.05
2.05
2.05
2.05
2.05
2.05
2.05
2.05
2.05
2.05
2.05
2.05
2.05
2.05
2.05
2.05
2.05
2.05
2.05
2.05
2.05
2.05
2.05
2.05
2.05
2.05
2.05
2.05
2.05
2.05
2.05
2.05
2.315815
2.383785
2.433821
2.469987
2.503636
2.528936
2.553506
2.575689
2.596612
2.617141
2.639215
2.662477
2.686252
2.703794
2.722867
2.737764
2.856674
3.020904
3.132699
3.219961
3.277924
3.320191
3.345279
3.359763
3.364169
3.364125
3.359692
3.347585
3.328626
3.30073
3.265277
3.222533
3.172822
3.111825
3.03879
2.959044
2.861942
2.734093
2.538659
2.05
2.05
2.05
2.05
2.05
2.05
2.05
2.05
2.05
2.05
2.05
2.05
2.05
2.05
2.05
2.05
2.05
2.05
2.05
2.05
2.05
2.05
2.05
2.05
2.05
2.05
2.05
2.05
2.05
2.05
2.05
2.05
2.05
2.05
2.05
2.05
2.05
2.05
2.05
2.05
2.05
2.05
2.05
2.05
2.05
2.05
2.05
2.05
2.05
2.05
2.05
2.05
2.05
2.05
2.05
2.637013
2.65243
2.665119
2.676901
2.684623
2.689957
2.694918
2.697425
2.702245
2.70615
2.711524
2.718193
2.724683
2.736065
2.750888
2.766551
2.786202
2.80222
2.819761
2.832625
2.843238
2.849888
2.866123
3.022223
3.133273
3.216183
3.274554
3.31525
3.341481
3.357175
3.362944
3.362942
3.359742
3.350141
3.332083
3.306124
3.27237
3.227774
3.178923
3.118508
3.045923
2.96622
2.868697
2.752622
2.584675
2.05
2.05
2.05
2.05
2.05
2.05
2.05
2.05
2.05
2.05
2.05
2.05
2.05
2.05
2.05
2.05
2.05
2.05
2.05
2.05
2.05
2.05
2.05
2.05
2.05
2.05
2.05
2.05
2.05
2.05
2.05
2.05
2.05
2.05
2.05
2.05
2.05
2.05
2.05
2.05
2.05
2.05
2.05
2.05
2.05
2.05
2.05
2.05
2.05
2.05
2.05
2.05
2.05
2.05
2.05
2.796706
2.808146
2.816321
2.821574
2.823865
2.823689
2.822225
2.819619
2.817787
2.815782
2.815503
2.817843
2.824832
2.833369
2.846788
2.862455
2.877809
2.892443
2.905231
2.915127
2.922866
2.926771
2.929965
3.0222
3.127552
3.206461
3.266101
3.308174
3.335992
3.35321
3.360561
3.361234
3.359518
3.351371
3.335279
3.311342
3.279503
3.236802
3.185566
3.121384
3.054014
2.968632
2.876514
2.759945
2.604611
2.05
2.05
2.05
2.05
2.05
2.05
2.05
2.05
2.05
2.05
2.05
2.05
2.05
2.05
2.05
2.05
2.05
2.05
2.05
2.05
2.05
2.05
2.05
2.05
2.05
2.05
2.05
2.05
2.05
2.05
2.05
2.05
2.05
2.05
2.05
2.05
2.05
2.05
2.05
2.05
2.05
2.05
2.05
2.05
2.05
2.05
2.05
2.05
2.05
2.05
2.05
2.05
2.05
2.05
2.05
2.892954
2.903329
2.912029
2.916978
2.918215
2.917796
2.914212
2.910136
2.905698
2.901535
2.898211
2.898787
2.903659
2.912908
2.925342
2.937043
2.949176
2.960702
2.970117
2.977351
2.982376
2.985393
2.987999
3.007534
3.11404
3.194337
3.252002
3.296948
3.326975
3.34705
3.356876
3.359155
3.358552
3.352735
3.339448
3.316254
3.283765
3.242405
3.192297
3.129353
3.057178
2.977256
2.879133
2.768177
2.618783
2.319243
2.05
2.05
2.05
2.05
2.05
2.05
2.05
2.05
2.05
2.05
2.05
2.05
2.05
2.05
2.05
2.05
2.05
2.05
2.05
2.05
2.05
2.05
2.05
2.05
2.05
2.05
2.05
2.05
2.05
2.05
2.05
2.05
2.05
2.05
2.05
2.05
2.05
2.05
2.05
2.05
2.05
2.05
2.05
2.05
2.05
2.05
2.05
2.05
2.05
2.05
2.05
2.05
2.05
2.05
2.961525
2.971545
2.980187
2.985638
2.987868
2.988537
2.987366
2.984546
2.980035
2.975725
2.971857
2.971111
2.97461
2.980171
2.98699
2.993582
3.000563
3.006087
3.010425
3.013827
3.016773
3.019351
3.021912
3.025034
3.092509
3.170549
3.23581
3.280439
3.314709
3.338297
3.352185
3.357108
3.356938
3.353165
3.342823
3.322677
3.290611
3.251311
3.199277
3.137336
3.060821
2.980679
2.882078
2.770705
2.626864
2.367904
2.05
2.05
2.05
2.05
2.05
2.05
2.05
2.05
2.05
2.05
2.05
2.05
2.05
2.05
2.05
2.05
2.05
2.05
2.05
2.05
2.05
2.05
2.05
2.05
2.05
2.05
2.05
2.05
2.05
2.05
2.05
2.05
2.05
2.05
2.05
2.05
2.05
2.05
2.05
2.05
2.05
2.05
2.05
2.05
2.05
2.05
2.05
2.05
2.05
2.05
2.05
2.05
2.05
2.05
2.996797
3.006011
3.01175
3.014054
3.014094
3.013171
3.011052
3.011353
3.013077
3.014767
3.015871
3.016144
3.016175
3.016081
3.015661
3.015048
3.014825
3.015443
3.016545
3.017958
3.01964
3.021622
3.024033
3.027023
3.063087
3.14945
3.213625
3.262162
3.30008
3.327743
3.345278
3.353915
3.354902
3.353179
3.345387
3.326783
3.297206
3.257065
3.206425
3.140793
3.069791
2.984541
2.885492
2.773474
2.628872
2.38234
2.05
2.05
2.05
2.05
2.05
2.05
2.05
2.05
2.05
2.05
2.05
2.05
2.05
2.05
2.05
2.05
2.05
2.05
2.05
2.05
2.05
2.05
2.05
2.05
2.05
2.05
2.05
2.05
2.05
2.05
2.05
2.05
2.05
2.05
2.05
2.05
2.05
2.05
2.05
2.05
2.05
2.05
2.05
2.05
2.05
2.05
2.05
2.05
2.05
2.05
2.05
2.05
2.05
2.05
2.996462
3.005684
3.010691
3.011572
3.010626
3.004325
2.997931
3.003735
3.010714
3.01451
3.016
3.016536
3.016548
3.016297
3.015642
3.014457
3.012616
3.009892
3.007051
3.00472
3.003229
3.003432
3.004506
3.006619
3.03782
3.121628
3.189508
3.241981
3.283562
3.315459
3.338431
3.350046
3.352939
3.352647
3.346625
3.331854
3.303495
3.265738
3.213259
3.14924
3.07363
2.988754
2.889291
2.776632
2.631052
2.389986
2.05
2.05
2.05
2.05
2.05
2.05
2.05
2.05
2.05
2.05
2.05
2.05
2.05
2.05
2.05
2.05
2.05
2.05
2.05
2.05
2.05
2.05
2.05
2.05
2.05
2.05
2.05
2.05
2.05
2.05
2.05
2.05
2.05
2.05
2.05
2.05
2.05
2.05
2.05
2.05
2.05
2.05
2.05
2.05
2.05
2.05
2.05
2.05
2.05
2.05
2.05
2.05
2.05
2.05
2.898552
2.902847
2.901754
2.897127
2.881482
2.864688
2.849767
2.844595
2.847666
2.853457
2.859306
2.866518
2.869839
2.872131
2.873305
2.874436
2.876492
2.879139
2.882992
2.888941
2.895865
2.9033
2.910193
2.917908
3.011574
3.092388
3.163829
3.21954
3.26592
3.301558
3.326975
3.344365
3.350978
3.351162
3.348046
3.335009
3.309237
3.271068
3.22051
3.153058
3.078163
2.992722
2.893392
2.777379
2.632118
2.390441
2.05
2.05
2.05
2.05
2.05
2.05
2.05
2.05
2.05
2.05
2.05
2.05
2.05
2.05
2.05
2.05
2.05
2.05
2.05
2.05
2.05
2.05
2.05
2.05
2.05
2.05
2.05
2.05
2.05
2.05
2.05
2.05
2.05
2.05
2.05
2.05
2.05
2.05
2.05
2.05
2.05
2.05
2.05
2.05
2.05
2.05
2.05
2.05
2.05
2.05
2.05
2.05
2.05
2.05
2.731466
2.73427
2.730915
2.726689
2.712049
2.694611
2.676938
2.668124
2.663839
2.663212
2.662924
2.66344
2.663871
2.664114
2.665149
2.666854
2.669123
2.673901
2.68338
2.692433
2.706659
2.72178
2.782462
2.887219
2.984875
3.062214
3.131405
3.192108
3.246265
3.285652
3.315364
3.336906
3.347897
3.349532
3.348259
3.338768
3.316604
3.279267
3.227302
3.161675
3.082316
2.997358
2.895289
2.776595
2.628269
2.384118
2.05
2.05
2.05
2.05
2.05
2.05
2.05
2.05
2.05
2.05
2.05
2.05
2.05
2.05
2.05
2.05
2.05
2.05
2.05
2.05
2.05
2.05
2.05
2.05
2.05
2.05
2.05
2.05
2.05
2.05
2.05
2.05
2.05
2.05
2.05
2.05
2.05
2.05
2.05
2.05
2.05
2.05
2.05
2.05
2.05
2.05
2.05
2.05
2.05
2.05
2.05
2.05
2.05
2.05
2.513404
2.514292
2.510301
2.500943
2.485505
2.464341
2.442964
2.426877
2.415848
2.409407
2.410841
2.414668
2.419176
2.42365
2.427789
2.431724
2.434877
2.437809
2.438903
2.440792
2.507302
2.651548
2.76863
2.866534
2.95823
3.037285
3.108728
3.167059
3.221636
3.265967
3.302413
3.328421
3.343454
3.348248
3.348127
3.34169
3.323177
3.286777
3.23441
3.169746
3.086522
2.999455
2.89518
2.773973
2.623935
2.370706
2.05
2.05
2.05
2.05
2.05
2.05
2.05
2.05
2.05
2.05
2.05
2.05
2.05
2.05
2.05
2.05
2.05
2.05
2.05
2.05
2.05
2.05
2.05
2.05
2.05
2.05
2.05
2.05
2.05
2.05
2.05
2.05
2.05
2.05
2.05
2.05
2.05
2.05
2.05
2.05
2.05
2.05
2.05
2.05
2.05
2.05
2.05
2.05
2.05
2.05
2.05
2.05
2.05
2.05
2.05
2.05
2.05
2.05
2.05
2.05
2.05
2.05
2.05
2.05
2.05
2.05
2.05
2.05
2.05
2.05
2.05
2.05
2.05
2.05
2.504454
2.646984
2.755671
2.846156
2.932112
3.006243
3.080188
3.141417
3.199028
3.247415
3.285739
3.318338
3.338713
3.346982
3.347268
3.343876
3.32743
3.294181
3.240955
3.173628
3.096094
3.000303
2.896668
2.770932
2.61899
2.343147
2.05
2.05
2.05
2.05
2.05
2.05
2.05
2.05
2.05
2.05
2.05
2.05
2.05
2.05
2.05
2.05
2.05
2.05
2.05
2.05
2.05
2.05
2.05
2.05
2.05
2.05
2.05
2.05
2.05
2.05
2.05
2.05
2.05
2.05
2.05
2.05
2.05
2.05
2.05
2.05
2.05
2.05
2.05
2.05
2.05
2.05
2.05
2.05
2.05
2.05
2.05
2.05
2.05
2.05
2.05
2.05
2.05
2.05
2.05
2.05
2.05
2.05
2.05
2.05
2.05
2.05
2.05
2.05
2.05
2.05
2.05
2.05
2.05
2.05
2.494933
2.636396
2.737271
2.827422
2.91327
2.988069
3.057249
3.119967
3.17596
3.228098
3.270392
3.305102
3.33058
3.3446
3.346596
3.345618
3.331452
3.298701
3.247315
3.181947
3.098676
3.004471
2.89609
2.767834
2.608681
2.300504
2.05
2.05
2.05
2.05
2.05
2.05
2.05
2.05
2.05
2.05
2.05
2.05
2.05
2.05
2.05
2.05
2.05
2.05
2.05
2.05
2.05
2.05
2.05
2.05
2.05
2.05
2.05
2.05
2.05
2.05
2.05
2.05
2.05
2.05
2.05
2.05
2.05
2.05
2.05
2.05
2.05
2.05
2.05
2.05
2.05
2.05
2.05
2.05
2.05
2.05
2.05
2.05
2.05
2.05
2.05
2.05
2.05
2.05
2.05
2.05
2.05
2.05
2.05
2.05
2.05
2.05
2.05
2.05
2.05
2.05
2.05
2.05
2.05
2.05
2.48635
2.619892
2.727454
2.817078
2.896176
2.964785
3.035191
3.099638
3.152842
3.207912
3.253944
3.295141
3.322426
3.341676
3.346246
3.346219
3.336143
3.30538
3.253825
3.185582
3.099344
3.005498
2.894858
2.763792
2.59722
2.05
2.05
2.05
2.05
2.05
2.05
2.05
2.05
2.05
2.05
2.05
2.05
2.05
2.05
2.05
2.05
2.05
2.05
2.05
2.05
2.05
2.05
2.05
2.05
2.05
2.05
2.05
2.05
2.05
2.05
2.05
2.05
2.05
2.05
2.05
2.05
2.05
2.05
2.05
2.05
2.05
2.05
2.05
2.05
2.05
2.05
2.05
2.05
2.05
2.05
2.05
2.05
2.05
2.05
2.05
2.05
2.05
2.05
2.05
2.05
2.05
2.05
2.05
2.05
2.05
2.05
2.05
2.05
2.05
2.05
2.05
2.05
2.05
2.05
2.05
2.463517
2.604591
2.71207
2.801601
2.880637
2.949388
3.020014
3.079911
3.139391
3.192144
3.240523
3.282207
3.315296
3.337442
3.346271
3.34655
3.339444
3.311601
3.260033
3.189445
3.103588
3.007352
2.892448
2.759644
2.585514
2.05
2.05
2.05
2.05
2.05
2.05
2.05
2.05
2.05
2.05
2.05
2.05
2.05
2.05
2.05
2.05
2.05
2.05
2.05
2.05
2.05
2.05
2.05
2.05
2.05
2.05
2.05
2.05
2.05
2.05
2.05
2.05
2.05
2.05
2.05
2.05
2.05
2.05
2.05
2.05
2.05
2.05
2.05
2.05
2.05
2.05
2.05
2.05
2.05
2.05
2.05
2.05
2.05
2.05
2.05
2.05
2.05
2.05
2.05
2.05
2.05
2.05
2.05
2.05
2.05
2.05
2.05
2.05
2.05
2.05
2.05
2.05
2.05
2.05
2.05
2.441103
2.590323
2.69815
2.787852
2.866897
2.935868
3.000962
3.067075
3.122532
3.176812
3.227344
3.269042
3.308063
3.333498
3.346169
3.34731
3.342332
3.31584
3.265898
3.192993
3.107497
3.005383
2.889786
2.75537
2.573259
2.05
2.05
2.05
2.05
2.05
2.05
2.05
2.05
2.05
2.05
2.05
2.05
2.05
2.05
2.05
2.05
2.05
2.05
2.05
2.05
2.05
2.05
2.05
2.05
2.05
2.05
2.05
2.05
2.05
2.05
2.05
2.05
2.05
2.05
2.05
2.05
2.05
2.05
2.05
2.05
2.05
2.05
2.05
2.05
2.05
2.05
2.05
2.05
2.05
2.05
2.05
2.05
2.05
2.05
2.05
2.05
2.05
2.05
2.05
2.05
2.05
2.05
2.05
2.05
2.05
2.05
2.05
2.05
2.05
2.05
2.05
2.05
2.05
2.05
2.05
2.403605
2.576259
2.685042
2.775738
2.860939
2.930269
2.99535
3.056074
3.112043
3.167017
3.215163
3.262034
3.300912
3.329531
3.346049
3.348634
3.345345
3.321532
3.268825
3.19615
3.110251
3.007079
2.886816
2.746008
2.560738
2.05
2.05
2.05
2.05
2.05
2.05
2.05
2.05
2.05
2.05
2.05
2.05
2.05
2.05
2.05
2.05
2.05
2.05
2.05
2.05
2.05
2.05
2.05
2.05
2.05
2.05
2.05
2.05
2.05
2.05
2.05
2.05
2.05
2.05
2.05
2.05
2.05
2.05
2.05
2.05
2.05
2.05
2.05
2.05
2.05
2.05
2.05
2.05
2.05
2.05
2.05
2.05
2.05
2.05
2.05
2.05
2.05
2.05
2.05
2.05
2.05
2.05
2.05
2.05
2.05
2.05
2.05
2.05
2.05
2.05
2.05
2.05
2.05
2.05
2.05
2.350419
2.555275
2.672255
2.769915
2.850245
2.920964
2.990776
3.051749
3.108077
3.159782
3.211704
3.256355
3.296807
3.32776
3.346934
3.350432
3.347834
3.323648
3.27418
3.199112
3.109096
3.005651
2.883132
2.735701
2.5411
2.05
2.05
2.05
2.05
2.05
2.05
2.05
2.05
2.05
2.05
2.05
2.05
2.05
2.05
2.05
2.05
2.05
2.05
2.05
2.05
2.05
2.05
2.05
2.05
2.05
2.05
2.05
2.05
2.05
2.05
2.05
2.05
2.05
2.05
2.05
2.05
2.05
2.05
2.05
2.05
2.05
2.05
2.05
2.05
2.05
2.05
2.05
2.05
2.05
2.05
2.05
2.05
2.05
2.05
2.05
2.05
2.05
2.05
2.05
2.05
2.05
2.05
2.05
2.05
2.05
2.05
2.05
2.05
2.05
2.05
2.05
2.05
2.05
2.05
2.05
2.05
2.526961
2.659514
2.7587
2.840796
2.917153
2.984458
3.048647
3.105619
3.159054
3.208963
3.25493
3.296126
3.328325
3.348917
3.352664
3.35006
3.326116
3.275092
3.201298
3.110239
3.003103
2.879431
2.730316
2.520721
2.05
2.05
2.05
2.05
2.05
2.05
2.05
2.05
2.05
2.05
2.05
2.05
2.05
2.05
2.05
2.05
2.05
2.05
2.05
2.05
2.05
2.05
2.05
2.05
2.05
2.05
2.05
2.05
2.05
2.05
2.05
2.05
2.05
2.05
2.05
2.05
2.05
2.05
2.05
2.05
2.05
2.05
2.05
2.05
2.05
2.05
2.05
2.05
2.05
2.05
2.05
2.05
2.05
2.05
2.05
2.05
2.05
2.05
2.05
2.05
2.05
2.05
2.05
2.05
2.05
2.05
2.05
2.05
2.05
2.05
2.05
2.05
2.05
2.05
2.05
2.05
2.497937
2.640191
2.747586
2.836229
2.913725
2.982812
3.047132
3.106511
3.159178
3.21026
3.258197
3.299867
3.333183
3.352278
3.355788
3.352804
3.327955
3.275671
3.19983
3.108329
2.999792
2.875016
2.719041
2.499857
2.05
2.05
2.05
2.05
2.05
2.05
2.05
2.05
2.05
2.05
2.05
2.05
2.05
2.05
2.05
2.05
2.05
2.05
2.05
2.05
2.05
2.05
2.05
2.05
2.05
2.05
2.05
2.05
2.05
2.05
2.05
2.05
2.05
2.05
2.05
2.05
2.05
2.05
2.05
2.05
2.05
2.05
2.05
2.05
2.05
2.05
2.05
2.05
2.05
2.05
2.05
2.05
2.05
2.05
2.05
2.05
2.05
2.05
2.05
2.05
2.05
2.05
2.05
2.05
2.05
2.05
2.05
2.05
2.05
2.05
2.05
2.05
2.05
2.05
2.05
2.05
2.460946
2.620282
2.736004
2.827039
2.910572
2.98125
3.048256
3.10779
3.164321
3.214358
3.263488
3.304852
3.337732
3.356551
3.359315
3.355579
3.328333
3.274676
3.197438
3.105189
2.995811
2.865224
2.707221
2.471232
2.05
2.05
2.05
2.05
2.05
2.05
2.05
2.05
2.05
2.05
2.05
2.05
2.05
2.05
2.05
2.05
2.05
2.05
2.05
2.05
2.05
2.05
2.05
2.05
2.05
2.05
2.05
2.05
2.05
2.05
2.05
2.05
2.05
2.05
2.05
2.05
2.05
2.05
2.05
2.05
2.05
2.05
2.05
2.05
2.05
2.05
2.05
2.05
2.05
2.05
2.05
2.05
2.05
2.05
2.05
2.05
2.05
2.05
2.05
2.05
2.05
2.05
2.05
2.05
2.05
2.05
2.05
2.05
2.05
2.05
2.05
2.05
2.05
2.05
2.05
2.05
2.415378
2.599863
2.724353
2.822309
2.907592
2.98167
3.049395
3.112965
3.170043
3.223977
3.272215
3.312491
3.345454
3.362
3.363653
3.357901
3.328253
3.273
3.194563
3.101488
2.99127
2.859956
2.694598
2.441962
2.05
2.05
2.05
2.05
2.05
2.05
2.05
2.05
2.05
2.05
2.05
2.05
2.05
2.05
2.05
2.05
2.05
2.05
2.05
2.05
2.05
2.05
2.05
2.05
2.05
2.05
2.05
2.05
2.05
2.05
2.05
2.05
2.05
2.05
2.05
2.05
2.05
2.05
2.05
2.05
2.05
2.05
2.05
2.05
2.05
2.05
2.05
2.05
2.05
2.05
2.05
2.05
2.05
2.05
2.05
2.05
2.05
2.05
2.05
2.05
2.05
2.05
2.05
2.05
2.05
2.05
2.05
2.05
2.05
2.05
2.05
2.05
2.05
2.05
2.05
2.05
2.337404
2.579092
2.706418
2.812757
2.900948
2.98122
3.052201
3.118365
3.176092
3.230061
3.281794
3.323214
3.353727
3.367936
3.368508
3.359898
3.327548
3.269332
3.191462
3.097446
2.986422
2.854358
2.681581
2.411989
2.05
2.05
2.05
2.05
2.05
2.05
2.05
2.05
2.05
2.05
2.05
2.05
2.05
2.05
2.05
2.05
2.05
2.05
2.05
2.05
2.05
2.05
2.05
2.05
2.05
2.05
2.05
2.05
2.05
2.05
2.05
2.05
2.05
2.05
2.05
2.05
2.05
2.05
2.05
2.05
2.05
2.05
2.05
2.05
2.05
2.05
2.05
2.05
2.05
2.05
2.05
2.05
2.05
2.05
2.05
2.05
2.05
2.05
2.05
2.05
2.05
2.05
2.05
2.05
2.05
2.05
2.05
2.05
2.05
2.05
2.05
2.05
2.05
2.05
2.05
2.05
2.05
2.542838
2.693697
2.802571
2.897518
2.980333
3.053996
3.124282
3.186257
3.240144
3.290998
3.333918
3.362456
3.373909
3.373646
3.362103
3.326266
3.267409
3.188228
3.093166
2.981224
2.848459
2.674848
2.373945
2.05
2.05
2.05
2.05
2.05
2.05
2.05
2.05
2.05
2.05
2.05
2.05
2.05
2.05
2.05
2.05
2.05
2.05
2.05
2.05
2.05
2.05
2.05
2.05
2.05
2.05
2.05
2.05
2.05
2.05
2.05
2.05
2.05
2.05
2.05
2.05
2.05
2.05
2.05
2.05
2.05
2.05
2.05
2.05
2.05
2.05
2.05
2.05
2.05
2.05
2.05
2.05
2.05
2.05
2.05
2.05
2.05
2.05
2.05
2.05
2.05
2.05
2.05
2.05
2.05
2.05
2.05
2.05
2.05
2.05
2.05
2.05
2.05
2.05
2.05
2.05
2.05
2.513177
2.674263
2.791642
2.893927
2.978777
3.05671
3.126217
3.192238
3.250077
3.300101
3.344392
3.370582
3.37977
3.379271
3.363575
3.324474
3.263581
3.185183
3.089143
2.976061
2.842443
2.667998
2.350891
2.05
2.05
2.05
2.05
2.05
2.05
2.05
2.05
2.05
2.05
2.05
2.05
2.05
2.05
2.05
2.05
2.05
2.05
2.05
2.05
2.05
2.05
2.05
2.05
2.05
2.05
2.05
2.05
2.05
2.05
2.05
2.05
2.05
2.05
2.05
2.05
2.05
2.05
2.05
2.05
2.05
2.05
2.05
2.05
2.05
2.05
2.05
2.05
2.05
2.05
2.05
2.05
2.05
2.05
2.05
2.05
2.05
2.05
2.05
2.05
2.05
2.05
2.05
2.05
2.05
2.05
2.05
2.05
2.05
2.05
2.05
2.05
2.05
2.05
2.05
2.05
2.05
2.467137
2.653937
2.780221
2.885369
2.97681
3.057603
3.129152
3.197367
3.259627
3.312243
3.352576
3.378899
3.385458
3.384551
3.365937
3.323937
3.261295
3.182585
3.085752
2.976912
2.842784
2.668076
2.350958
2.05
2.05
2.05
2.05
2.05
2.05
2.05
2.05
2.05
2.05
2.05
2.05
2.05
2.05
2.05
2.05
2.05
2.05
2.05
2.05
2.05
2.05
2.05
2.05
2.05
2.05
2.05
2.05
2.05
2.05
2.05
2.05
2.05
2.05
2.05
2.05
2.05
2.05
2.05
2.05
2.05
2.05
2.05
2.05
2.05
2.05
2.05
2.05
2.05
2.05
2.05
2.05
2.05
2.05
2.05
2.05
2.05
2.05
2.05
2.05
2.05
2.05
2.05
2.05
2.05
2.05
2.05
2.05
2.05
2.05
2.05
2.05
2.05
2.05
2.05
2.05
2.05
2.419935
2.632771
2.767986
2.880709
2.973934
3.058727
3.133403
3.202343
3.264849
3.320455
3.359919
3.386402
3.391676
3.38995
3.369838
3.326608
3.263174
3.184117
3.088217
2.978427
2.850199
2.682773
2.38191
2.05
2.05
2.05
2.05
2.05
2.05
2.05
2.05
2.05
2.05
2.05
2.05
2.05
2.05
2.05
2.05
2.05
2.05
2.05
2.05
2.05
2.05
2.05
2.05
2.05
2.05
2.05
2.05
2.05
2.05
2.05
2.05
2.05
2.05
2.05
2.05
2.05
2.05
2.05
2.05
2.05
2.05
2.05
2.05
2.05
2.05
2.05
2.05
2.05
2.05
2.05
2.05
2.05
2.05
2.05
2.05
2.05
2.05
2.05
2.05
2.05
2.05
2.05
2.05
2.05
2.05
2.05
2.05
2.05
2.05
2.05
2.05
2.05
2.05
2.05
2.05
2.05
2.347733
2.610994
2.755189
2.870226
2.970427
3.057665
3.136876
3.206125
3.268932
3.325199
3.367174
3.392827
3.397523
3.395867
3.375205
3.330218
3.269205
3.189142
3.09732
2.993074
2.864994
2.697895
2.435963
2.05
2.05
2.05
2.05
2.05
2.05
2.05
2.05
2.05
2.05
2.05
2.05
2.05
2.05
2.05
2.05
2.05
2.05
2.05
2.05
2.05
2.05
2.05
2.05
2.05
2.05
2.05
2.05
2.05
2.05
2.05
2.05
2.05
2.05
2.05
2.05
2.05
2.05
2.05
2.05
2.05
2.05
2.05
2.05
2.05
2.05
2.05
2.05
2.05
2.05
2.05
2.05
2.05
2.05
2.05
2.05
2.05
2.05
2.05
2.05
2.05
2.05
2.05
2.05
2.05
2.05
2.05
2.05
2.05
2.05
2.05
2.05
2.05
2.05
2.05
2.05
2.05
2.05
2.580933
2.741785
2.864424
2.965783
3.054181
3.134049
3.208969
3.2724
3.329087
3.371557
3.397798
3.403337
3.401494
3.381796
3.337578
3.276326
3.199994
3.108094
3.003117
2.880857
2.720844
2.482351
2.05
2.05
2.05
2.05
2.05
2.05
2.05
2.05
2.05
2.05
2.05
2.05
2.05
2.05
2.05
2.05
2.05
2.05
2.05
2.05
2.05
2.05
2.05
2.05
2.05
2.05
2.05
2.05
2.05
2.05
2.05
2.05
2.05
2.05
2.05
2.05
2.05
2.05
2.05
2.05
2.05
2.05
2.05
2.05
2.05
2.05
2.05
2.05
2.05
2.05
2.05
2.05
2.05
2.05
2.05
2.05
2.05
2.05
2.05
2.05
2.05
2.05
2.05
2.05
2.05
2.05
2.05
2.05
2.05
2.05
2.05
2.05
2.05
2.05
2.05
2.05
2.05
2.05
2.55781
2.720502
2.851899
2.960701
3.049491
3.13454
3.209176
3.274221
3.331326
3.375126
3.402266
3.408716
3.407784
3.388646
3.347712
3.28764
3.212388
3.125563
3.020522
2.904749
2.751899
2.536664
2.05
2.05
2.05
2.05
2.05
2.05
2.05
2.05
2.05
2.05
2.05
2.05
2.05
2.05
2.05
2.05
2.05
2.05
2.05
2.05
2.05
2.05
2.05
2.05
2.05
2.05
2.05
2.05
2.05
2.05
2.05
2.05
2.05
2.05
2.05
2.05
2.05
2.05
2.05
2.05
2.05
2.05
2.05
2.05
2.05
2.05
2.05
2.05
2.05
2.05
2.05
2.05
2.05
2.05
2.05
2.05
2.05
2.05
2.05
2.05
2.05
2.05
2.05
2.05
2.05
2.05
2.05
2.05
2.05
2.05
2.05
2.05
2.05
2.05
2.05
2.05
2.05
2.05
2.526198
2.705514
2.838132
2.948387
3.043817
3.130211
3.206346
3.27159
3.33031
3.376098
3.404824
3.413439
3.412984
3.398088
3.3604
3.302962
3.229595
3.143723
3.045427
2.929905
2.783952
2.591582
2.05
2.05
2.05
2.05
2.05
2.05
2.05
2.05
2.05
2.05
2.05
2.05
2.05
2.05
2.05
2.05
2.05
2.05
2.05
2.05
2.05
2.05
2.05
2.05
2.05
2.05
2.05
2.05
2.05
2.05
2.05
2.05
2.05
2.05
2.05
2.05
2.05
2.05
2.05
2.05
2.05
2.05
2.05
2.05
2.05
2.05
2.05
2.05
2.05
2.05
2.05
2.05
2.05
2.05
2.05
2.05
2.05
2.05
2.05
2.05
2.05
2.05
2.05
2.05
2.05
2.05
2.05
2.05
2.05
2.05
2.05
2.05
2.05
2.05
2.05
2.05
2.05
2.05
2.502014
2.690031
2.830711
2.941518
3.037585
3.124763
3.201888
3.267713
3.32778
3.375839
3.405782
3.417296
3.417289
3.404887
3.372454
3.318122
3.247083
3.163249
3.070745
2.955832
2.82432
2.647261
2.05
2.05
2.05
2.05
2.05
2.05
2.05
2.05
2.05
2.05
2.05
2.05
2.05
2.05
2.05
2.05
2.05
2.05
2.05
2.05
2.05
2.05
2.05
2.05
2.05
2.05
2.05
2.05
2.05
2.05
2.05
2.05
2.05
2.05
2.05
2.05
2.05
2.05
2.05
2.05
2.05
2.05
2.05
2.05
2.05
2.05
2.05
2.05
2.05
2.05
2.05
2.05
2.05
2.05
2.05
2.05
2.05
2.05
2.05
2.05
2.05
2.05
2.05
2.05
2.05
2.05
2.05
2.05
2.05
2.05
2.05
2.05
2.05
2.05
2.05
2.05
2.05
2.05
2.477362
2.673757
2.815145
2.926865
3.030265
3.1183
3.196322
3.26329
3.324596
3.372684
3.405922
3.419597
3.420198
3.411679
3.382887
3.332602
3.264358
3.187393
3.097187
2.989551
2.858222
2.696103
2.432554
2.05
2.05
2.05
2.05
2.05
2.05
2.05
2.05
2.05
2.05
2.05
2.05
2.05
2.05
2.05
2.05
2.05
2.05
2.05
2.05
2.05
2.05
2.05
2.05
2.05
2.05
2.05
2.05
2.05
2.05
2.05
2.05
2.05
2.05
2.05
2.05
2.05
2.05
2.05
2.05
2.05
2.05
2.05
2.05
2.05
2.05
2.05
2.05
2.05
2.05
2.05
2.05
2.05
2.05
2.05
2.05
2.05
2.05
2.05
2.05
2.05
2.05
2.05
2.05
2.05
2.05
2.05
2.05
2.05
2.05
2.05
2.05
2.05
2.05
2.05
2.05
2.05
2.452364
2.664389
2.806017
2.91801
3.015414
3.104766
3.184322
3.257391
3.316917
3.370126
3.404339
3.420442
3.421889
3.417272
3.391873
3.34537
3.284903
3.206149
3.116658
3.016043
2.89277
2.738289
2.521173
2.05
2.05
2.05
2.05
2.05
2.05
2.05
2.05
2.05
2.05
2.05
2.05
2.05
2.05
2.05
2.05
2.05
2.05
2.05
2.05
2.05
2.05
2.05
2.05
2.05
2.05
2.05
2.05
2.05
2.05
2.05
2.05
2.05
2.05
2.05
2.05
2.05
2.05
2.05
2.05
2.05
2.05
2.05
2.05
2.05
2.05
2.05
2.05
2.05
2.05
2.05
2.05
2.05
2.05
2.05
2.05
2.05
2.05
2.05
2.05
2.05
2.05
2.05
2.05
2.05
2.05
2.05
2.05
2.05
2.05
2.05
2.05
2.05
2.05
2.05
2.05
2.05
2.427152
2.646674
2.788532
2.90782
3.005812
3.095344
3.176036
3.245942
3.311087
3.363569
3.40098
3.42025
3.422414
3.420139
3.399007
3.359775
3.30006
3.228915
3.142102
3.043163
2.927632
2.788447
2.595054
2.05
2.05
2.05
2.05
2.05
2.05
2.05
2.05
2.05
2.05
2.05
2.05
2.05
2.05
2.05
2.05
2.05
2.05
2.05
2.05
2.05
2.05
2.05
2.05
2.05
2.05
2.05
2.05
2.05
2.05
2.05
2.05
2.05
2.05
2.05
2.05
2.05
2.05
2.05
2.05
2.05
2.05
2.05
2.05
2.05
2.05
2.05
2.05
2.05
2.05
2.05
2.05
2.05
2.05
2.05
2.05
2.05
2.05
2.05
2.05
2.05
2.05
2.05
2.05
2.05
2.05
2.05
2.05
2.05
2.05
2.05
2.05
2.05
2.05
2.05
2.05
2.05
2.409674
2.63592
2.7769
2.889645
2.994564
3.079175
3.160722
3.232312
3.299736
3.355296
3.395821
3.417974
3.422376
3.420978
3.405265
3.368796
3.316624
3.2501
3.16659
3.069869
2.961827
2.83099
2.653991
2.315305
2.05
2.05
2.05
2.05
2.05
2.05
2.05
2.05
2.05
2.05
2.05
2.05
2.05
2.05
2.05
2.05
2.05
2.05
2.05
2.05
2.05
2.05
2.05
2.05
2.05
2.05
2.05
2.05
2.05
2.05
2.05
2.05
2.05
2.05
2.05
2.05
2.05
2.05
2.05
2.05
2.05
2.05
2.05
2.05
2.05
2.05
2.05
2.05
2.05
2.05
2.05
2.05
2.05
2.05
2.05
2.05
2.05
2.05
2.05
2.05
2.05
2.05
2.05
2.05
2.05
2.05
2.05
2.05
2.05
2.05
2.05
2.05
2.05
2.05
2.05
2.05
2.399961
2.624108
2.764617
2.876471
2.975589
3.066762
3.148768
3.2212
3.286198
3.341645
3.386323
3.413924
3.42116
3.420773
3.408482
3.37768
3.330983
3.269127
3.189594
3.102234
2.996664
2.866736
2.71332
2.471986
2.05
2.05
2.05
2.05
2.05
2.05
2.05
2.05
2.05
2.05
2.05
2.05
2.05
2.05
2.05
2.05
2.05
2.05
2.05
2.05
2.05
2.05
2.05
2.05
2.05
2.05
2.05
2.05
2.05
2.05
2.05
2.05
2.05
2.05
2.05
2.05
2.05
2.05
2.05
2.05
2.05
2.05
2.05
2.05
2.05
2.05
2.05
2.05
2.05
2.05
2.05
2.05
2.05
2.05
2.05
2.05
2.05
2.05
2.05
2.05
2.05
2.05
2.05
2.05
2.05
2.05
2.05
2.05
2.05
2.05
2.05
2.05
2.05
2.05
2.05
2.05
2.390059
2.611505
2.750762
2.862557
2.960725
3.05191
3.129766
3.203542
3.271193
3.328276
3.376052
3.406197
3.418276
3.418107
3.408586
3.383251
3.338984
3.281118
3.210907
3.126424
3.02988
2.909268
2.764956
2.564472
2.05
2.05
2.05
2.05
2.05
2.05
2.05
2.05
2.05
2.05
2.05
2.05
2.05
2.05
2.05
2.05
2.05
2.05
2.05
2.05
2.05
2.05
2.05
2.05
2.05
2.05
2.05
2.05
2.05
2.05
2.05
2.05
2.05
2.05
2.05
2.05
2.05
2.05
2.05
2.05
2.05
2.05
2.05
2.05
2.05
2.05
2.05
2.05
2.05
2.05
2.05
2.05
2.05
2.05
2.05
2.05
2.05
2.05
2.05
2.05
2.05
2.05
2.05
2.05
2.05
2.05
2.05
2.05
2.05
2.05
2.05
2.05
2.05
2.05
2.05
2.05
2.387414
2.5976
2.735748
2.846589
2.945051
3.030233
3.114156
3.18371
3.253163
3.312353
3.360716
3.396677
3.412165
3.413395
3.40782
3.384575
3.346889
3.294543
3.229078
3.148628
3.055139
2.944199
2.808614
2.633018
2.05
2.05
2.05
2.05
2.05
2.05
2.05
2.05
2.05
2.05
2.05
2.05
2.05
2.05
2.05
2.05
2.05
2.05
2.05
2.05
2.05
2.05
2.05
2.05
2.05
2.05
2.05
2.05
2.05
2.05
2.05
2.05
2.05
2.05
2.05
2.05
2.05
2.05
2.05
2.05
2.05
2.05
2.05
2.05
2.05
2.05
2.05
2.05
2.05
2.05
2.05
2.05
2.05
2.05
2.05
2.05
2.05
2.05
2.05
2.05
2.05
2.05
2.05
2.05
2.05
2.05
2.05
2.05
2.05
2.05
2.05
2.05
2.326007
2.536875
2.628606
2.686267
2.73357
2.766155
2.794043
2.829143
2.926837
3.011561
3.090101
3.16166
3.232671
3.291487
3.344724
3.382543
3.402755
3.406073
3.402866
3.384211
3.350008
3.303826
3.24395
3.168416
3.085297
2.977597
2.85934
2.701699
2.43609
2.05
2.05
2.05
2.05
2.05
2.05
2.05
2.05
2.05
2.05
2.05
2.05
2.05
2.05
2.05
2.05
2.05
2.05
2.05
2.05
2.05
2.05
2.05
2.05
2.05
2.05
2.05
2.05
2.05
2.05
2.05
2.05
2.05
2.05
2.05
2.05
2.05
2.05
2.05
2.05
2.05
2.05
2.05
2.05
2.05
2.05
2.05
2.05
2.05
2.05
2.05
2.05
2.05
2.05
2.05
2.05
2.05
2.05
2.05
2.05
2.05
2.05
2.05
2.363056
2.540321
2.639854
2.709418
2.767286
2.812882
2.851001
2.881329
2.902136
2.920098
2.934127
2.944767
2.953677
2.959963
2.96652
2.971375
2.975511
2.99083
3.070472
3.140829
3.208213
3.268763
3.32292
3.363516
3.389565
3.395695
3.395248
3.380031
3.349641
3.306423
3.251311
3.184815
3.105876
3.008984
2.893634
2.753685
2.539248
2.05
2.05
2.05
2.05
2.05
2.05
2.05
2.05
2.05
2.05
2.05
2.05
2.05
2.05
2.05
2.05
2.05
2.05
2.05
2.05
2.05
2.05
2.05
2.05
2.05
2.05
2.05
2.05
2.05
2.05
2.05
2.05
2.05
2.05
2.05
2.05
2.05
2.05
2.05
2.05
2.05
2.05
2.05
2.05
2.05
2.05
2.05
2.05
2.05
2.05
2.05
2.05
2.463714
2.718843
2.769972
2.790854
2.801154
2.81372
2.828528
2.844319
2.864845
2.885046
2.907383
2.92622
2.943135
2.960913
2.976525
2.991185
3.002062
3.010946
3.016903
3.021735
3.02494
3.026524
3.027088
3.027313
3.027154
3.026791
3.025773
3.025065
3.023821
3.045682
3.112472
3.182395
3.244366
3.300636
3.343886
3.372232
3.382369
3.382586
3.372886
3.346804
3.306866
3.257272
3.196967
3.12325
3.037048
2.933437
2.804512
2.625577
2.05
2.05
2.05
2.05
2.05
2.05
2.05
2.05
2.05
2.05
2.05
2.05
2.05
2.05
2.05
2.05
2.05
2.05
2.05
2.05
2.05
2.05
2.05
2.05
2.05
2.05
2.05
2.05
2.05
2.05
2.05
2.05
2.05
2.05
2.05
2.05
2.05
2.05
2.05
2.05
2.05
2.05
2.05
2.05
2.05
2.05
2.05
2.05
2.05
2.05
2.05
2.05
3.040222
3.044427
3.044725
3.04424
3.040502
3.036639
3.033344
3.031003
3.032993
3.035977
3.039611
3.044744
3.049248
3.054065
3.057763
3.061378
3.063
3.063719
3.063707
3.062672
3.061165
3.058577
3.055887
3.05262
3.048945
3.045592
3.042311
3.039599
3.037323
3.035662
3.086332
3.15459
3.219012
3.273297
3.319138
3.351014
3.365053
3.365921
3.360736
3.340242
3.304169
3.257475
3.202205
3.136025
3.060417
2.962492
2.84537
2.686059
2.440668
2.05
2.05
2.05
2.05
2.05
2.05
2.05
2.05
2.05
2.05
2.05
2.05
2.05
2.05
2.05
2.05
2.05
2.05
2.05
2.05
2.05
2.05
2.05
2.05
2.05
2.05
2.05
2.05
2.05
2.05
2.05
2.05
2.05
2.05
2.05
2.05
2.05
2.05
2.05
2.05
2.05
2.05
2.05
2.05
2.05
2.05
2.05
2.05
2.05
2.05
2.05
3.15134
3.156365
3.156623
3.153417
3.146137
3.1346
3.122234
3.111134
3.10262
3.096855
3.092503
3.089409
3.087011
3.085379
3.083739
3.082345
3.080215
3.077257
3.073705
3.070033
3.066006
3.061648
3.057342
3.05321
3.049366
3.045591
3.042236
3.039494
3.037266
3.035654
3.053623
3.123675
3.184702
3.242722
3.291075
3.326442
3.343778
3.346435
3.34371
3.326925
3.297111
3.25555
3.202499
3.142436
3.072217
2.986545
2.882517
2.744285
2.544938
2.05
2.05
2.05
2.05
2.05
2.05
2.05
2.05
2.05
2.05
2.05
2.05
2.05
2.05
2.05
2.05
2.05
2.05
2.05
2.05
2.05
2.05
2.05
2.05
2.05
2.05
2.05
2.05
2.05
2.05
2.05
2.05
2.05
2.05
2.05
2.05
2.05
2.05
2.05
2.05
2.05
2.05
2.05
2.05
2.05
2.05
2.05
2.05
2.05
2.05
2.05
3.205986
3.213408
3.21408
3.21132
3.199281
3.182007
3.162738
3.144255
3.13022
3.118709
3.109135
3.101094
3.095059
3.090537
3.086717
3.083486
3.080525
3.077214
3.072961
3.067594
3.060934
3.053262
3.045587
3.038382
3.031923
3.027271
3.023514
3.022254
3.022883
3.024804
3.0272
3.090477
3.151762
3.208534
3.260911
3.29703
3.399091
3.686419
3.873294
3.966667
3.966667
3.966667
3.966529
3.941958
3.895523
3.804066
3.398891
2.790095
2.62162
2.05
2.05
2.05
2.05
2.05
2.05
2.05
2.05
2.05
2.05
2.05
2.05
2.05
2.05
2.05
2.05
2.05
2.05
2.05
2.05
2.05
2.05
2.05
2.05
2.05
2.05
2.05
2.05
2.05
2.05
2.05
2.05
2.05
2.05
2.05
2.05
2.05
2.05
2.05
2.05
2.05
2.05
2.05
2.05
2.05
2.05
2.05
2.05
2.05
2.05
2.05
3.233597
3.242837
3.243368
3.239397
3.223544
3.199597
3.173404
3.149983
3.132278
3.119221
3.108642
3.100777
3.093658
3.08687
3.080364
3.072756
3.064538
3.053914
3.041648
3.027989
3.013626
3.000204
2.989297
2.980234
2.974617
2.971397
2.971477
2.974775
2.980774
2.987131
2.994971
3.051129
3.114777
3.174682
3.225921
3.267326
3.399091
3.670744
3.826088
3.866499
3.881832
3.891862
3.891717
3.88307
3.854939
3.785514
3.386009
2.821574
2.684948
2.451051
2.05
2.05
2.05
2.05
2.05
2.05
2.05
2.05
2.05
2.05
2.05
2.05
2.05
2.05
2.05
2.05
2.05
2.05
2.05
2.05
2.05
2.05
2.05
2.05
2.05
2.05
2.05
2.05
2.05
2.05
2.05
2.05
2.05
2.05
2.05
2.05
2.05
2.05
2.05
2.05
2.05
2.05
2.05
2.05
2.05
2.05
2.05
2.05
2.05
2.05
3.240995
3.25046
3.250612
3.244755
3.226725
3.200397
3.173082
3.147436
3.126187
3.108926
3.092517
3.07781
3.064431
3.049849
3.034857
3.01639
2.995712
2.974265
2.951824
2.932185
2.915863
2.900282
2.889343
2.881721
2.877345
2.875222
2.877519
2.882313
2.888196
2.895519
2.950462
3.015529
3.078582
3.138666
3.190887
3.234084
3.260949
3.272856
3.273264
3.26742
3.246866
3.217011
3.177366
3.127745
3.071732
3.003026
2.924834
2.833574
2.71756
2.55053
2.05
2.05
2.05
2.05
2.05
2.05
2.05
2.05
2.05
2.05
2.05
2.05
2.05
2.05
2.05
2.05
2.05
2.05
2.05
2.05
2.05
2.05
2.05
2.05
2.05
2.05
2.05
2.05
2.05
2.05
2.05
2.05
2.05
2.05
2.05
2.05
2.05
2.05
2.05
2.05
2.05
2.05
2.05
2.05
2.05
2.05
2.05
2.05
2.05
2.05
3.240759
3.250015
3.250084
3.24366
3.222806
3.191398
3.156679
3.122856
3.093114
3.065753
3.040977
3.013939
2.985789
2.955109
2.923657
2.888693
2.856035
2.82674
2.805087
2.783631
2.768504
2.754414
2.744477
2.736246
2.731259
2.725763
2.721244
2.718142
2.776417
2.849392
2.912552
2.978157
3.040324
3.099157
3.152711
3.198053
3.229053
3.242514
3.244116
3.240388
3.223062
3.194791
3.156971
3.110067
3.056197
2.994617
2.920113
2.834988
2.729908
2.597407
2.326941
2.05
2.05
2.05
2.05
2.05
2.05
2.05
2.05
2.05
2.05
2.05
2.05
2.05
2.05
2.05
2.05
2.05
2.05
2.05
2.05
2.05
2.05
2.05
2.05
2.05
2.05
2.05
2.05
2.05
2.05
2.05
2.05
2.05
2.05
2.05
2.05
2.05
2.05
2.05
2.05
2.05
2.05
2.05
2.05
2.05
2.05
2.05
2.05
2.05
3.224802
3.231564
3.231312
3.219753
3.192659
3.15192
3.107122
3.061779
3.019705
2.977141
2.929976
2.879588
2.829216
2.779324
2.733881
2.696877
2.666265
2.642639
2.620153
2.601894
2.581431
2.565109
2.546507
2.528449
2.504711
2.513227
2.600316
2.674139
2.744297
2.81318
2.875391
2.938682
3.001724
3.063763
3.119548
3.16287
3.195339
3.210911
3.213308
3.210139
3.195995
3.168854
3.130735
3.087251
3.035809
2.976845
2.904533
2.824292
2.729345
2.600458
2.391013
2.05
2.05
2.05
2.05
2.05
2.05
2.05
2.05
2.05
2.05
2.05
2.05
2.05
2.05
2.05
2.05
2.05
2.05
2.05
2.05
2.05
2.05
2.05
2.05
2.05
2.05
2.05
2.05
2.05
2.05
2.05
2.05
2.05
2.05
2.05
2.05
2.05
2.05
2.05
2.05
2.05
2.05
2.05
2.05
2.05
2.05
2.05
2.05
2.05
3.174814
3.176937
3.174363
3.154748
3.11828
3.064789
3.00299
2.936735
2.867205
2.793547
2.724821
2.707823
2.610121
2.536471
2.492843
2.453965
2.415881
2.371804
2.307055
2.05
2.05
2.05
2.05
2.05
2.280834
2.470769
2.564787
2.64253
2.711751
2.781544
2.844292
2.906256
2.967106
3.029819
3.085033
3.130683
3.162745
3.177953
3.180464
3.178055
3.162017
3.13532
3.099638
3.056581
3.006158
2.942162
2.876719
2.797981
2.707009
2.58619
2.412112
2.05
2.05
2.05
2.05
2.05
2.05
2.05
2.05
2.05
2.05
2.05
2.05
2.05
2.05
2.05
2.05
2.05
2.05
2.05
2.05
2.05
2.05
2.05
2.05
2.05
2.05
2.05
2.05
2.05
2.05
2.05
2.05
2.05
2.05
2.05
2.05
2.05
2.05
2.05
2.05
2.05
2.05
2.05
2.05
2.05
2.05
2.05
2.05
2.05
3.061642
3.059303
3.045245
3.006288
2.94923
2.86799
2.766809
2.656881
2.692318
2.733626
2.733964
2.705388
2.515218
2.05
2.05
2.05
2.05
2.05
2.05
2.05
2.05
2.05
2.05
2.05
2.05
2.398596
2.52762
2.616897
2.688899
2.752818
2.816018
2.878068
2.940507
3.000886
3.055347
3.100941
3.131086
3.14393
3.146022
3.142829
3.126608
3.099735
3.06267
3.020464
2.963774
2.906565
2.835417
2.757471
2.654632
2.53027
2.428912
2.262721
2.05
2.05
2.05
2.05
2.05
2.05
2.05
2.05
2.05
2.05
2.05
2.05
2.05
2.05
2.05
2.05
2.05
2.05
2.05
2.05
2.05
2.05
2.05
2.05
2.05
2.05
2.05
2.05
2.05
2.05
2.05
2.05
2.05
2.05
2.05
2.05
2.05
2.05
2.05
2.05
2.05
2.05
2.05
2.05
2.05
2.05
2.05
2.05
2.795215
2.761992
2.702102
2.603806
2.444532
2.05
2.448992
2.628158
2.713438
2.737155
2.73564
2.681262
2.05
2.05
2.05
2.05
2.05
2.05
2.05
2.05
2.05
2.05
2.05
2.05
2.05
2.05
2.46473
2.582897
2.66834
2.739395
2.80502
2.869512
2.929962
2.986495
3.037441
3.076205
3.100858
3.110907
3.110862
3.10398
3.085941
3.054523
3.017377
2.972678
2.915984
2.858115
2.781788
2.699975
2.592185
2.51386
2.432101
2.280107
2.05
2.05
2.05
2.05
2.05
2.05
2.05
2.05
2.05
2.05
2.05
2.05
2.05
2.05
2.05
2.05
2.05
2.05
2.05
2.05
2.05
2.05
2.05
2.05
2.05
2.05
2.05
2.05
2.05
2.05
2.05
2.05
2.05
2.05
2.05
2.05
2.05
2.05
2.05
2.05
2.05
2.05
2.05
2.05
2.05
2.05
2.05
2.05
2.05
2.05
2.05
2.05
2.05
2.05
2.502823
2.654434
2.727151
2.737478
2.733699
2.625319
2.05
2.05
2.05
2.05
2.05
2.05
2.05
2.05
2.05
2.05
2.05
2.05
2.05
2.05
2.05
2.518069
2.638266
2.728193
2.802066
2.868052
2.930026
2.982939
3.025718
3.055901
3.071569
3.074428
3.072396
3.061512
3.038308
3.004698
2.963432
2.919216
2.862262
2.793554
2.724945
2.633595
2.57603
2.509553
2.42906
2.275866
2.05
2.05
2.05
2.05
2.05
2.05
2.05
2.05
2.05
2.05
2.05
2.05
2.05
2.05
2.05
2.05
2.05
2.05
2.05
2.05
2.05
2.05
2.05
2.05
2.05
2.05
2.05
2.05
2.05
2.05
2.05
2.05
2.05
2.05
2.05
2.05
2.05
2.05
2.05
2.05
2.05
2.05
2.05
2.05
2.05
2.05
2.05
2.05
2.05
2.05
2.05
2.05
2.05
2.05
2.547738
2.676847
2.73416
2.737269
2.721748
2.523723
2.05
2.05
2.05
2.05
2.05
2.05
2.05
2.05
2.05
2.05
2.05
2.05
2.05
2.05
2.05
2.35642
2.575615
2.695085
2.783167
2.862779
2.927757
2.971958
3.005695
3.028279
3.03529
3.035532
3.029128
3.012051
2.985324
2.950855
2.906244
2.855447
2.79958
2.732827
2.671663
2.621087
2.562933
2.496537
2.413837
2.05
2.05
2.05
2.05
2.05
2.05
2.05
2.05
2.05
2.05
2.05
2.05
2.05
2.05
2.05
2.05
2.05
2.05
2.05
2.05
2.05
2.05
2.05
2.05
2.05
2.05
2.05
2.05
2.05
2.05
2.05
2.05
2.05
2.05
2.05
2.05
2.05
2.05
2.05
2.05
2.05
2.05
2.05
2.05
2.05
2.05
2.05
2.05
2.05
2.05
2.05
2.05
2.05
2.05
2.28591
2.584764
2.696034
2.735831
2.736256
2.69666
2.05
2.05
2.05
2.05
2.05
2.05
2.05
2.05
2.05
2.05
2.05
2.05
2.05
2.05
2.05
2.05
2.05
2.595524
2.745442
2.845142
2.917656
2.965372
2.993103
3.003885
3.003976
2.998083
2.991008
2.979138
2.958188
2.929398
2.889819
2.843997
2.790536
2.745509
2.700451
2.653657
2.603162
2.545821
2.477412
2.384774
2.05
2.05
2.05
2.05
2.05
2.05
2.05
2.05
2.05
2.05
2.05
2.05
2.05
2.05
2.05
2.05
2.05
2.05
2.05
2.05
2.05
2.05
2.05
2.05
2.05
2.05
2.05
2.05
2.05
2.05
2.05
2.05
2.05
2.05
2.05
2.05
2.05
2.05
2.05
2.05
2.05
2.05
2.05
2.05
2.05
2.05
2.05
2.05
2.05
2.05
2.05
2.05
2.05
2.05
2.392208
2.611713
2.709342
2.73759
2.735787
2.660613
2.05
2.05
2.05
2.05
2.05
2.05
2.05
2.05
2.05
2.05
2.05
2.05
2.05
2.05
2.05
2.05
2.491774
2.6781
2.799073
2.882719
2.942691
2.97932
2.998167
3.00465
3.004651
2.998399
2.980098
2.952648
2.921444
2.887704
2.850293
2.810764
2.768268
2.726134
2.680155
2.634215
2.578018
2.518728
2.444441
2.337346
2.05
2.05
2.05
2.05
2.05
2.05
2.05
2.05
2.05
2.05
2.05
2.05
2.05
2.05
2.05
2.05
2.05
2.05
2.05
2.05
2.05
2.05
2.05
2.05
2.05
2.05
2.05
2.05
2.05
2.05
2.05
2.05
2.05
2.05
2.05
2.05
2.05
2.05
2.05
2.05
2.05
2.05
2.05
2.05
2.05
2.05
2.05
2.05
2.05
2.05
2.05
2.05
2.05
2.05
2.438872
2.630858
2.7234
2.742266
2.735146
2.611212
2.05
2.05
2.05
2.05
2.05
2.05
2.05
2.05
2.05
2.05
2.05
2.05
2.05
2.05
2.05
2.05
2.583023
2.729195
2.833345
2.903811
2.952485
2.981203
2.9977
3.001441
3.000618
2.991273
2.971268
2.943248
2.908477
2.8704
2.82804
2.78902
2.747029
2.701511
2.656262
2.608457
2.5504
2.485709
2.40172
2.05
2.05
2.05
2.05
2.05
2.05
2.05
2.05
2.05
2.05
2.05
2.05
2.05
2.05
2.05
2.05
2.05
2.05
2.05
2.05
2.05
2.05
2.05
2.05
2.05
2.05
2.05
2.05
2.05
2.05
2.05
2.05
2.05
2.05
2.05
2.05
2.05
2.05
2.05
2.05
2.05
2.05
2.05
2.05
2.05
2.05
2.05
2.05
2.05
2.05
2.05
2.05
2.05
2.05
2.05
2.468801
2.65089
2.734642
2.749373
2.735798
2.558846
2.05
2.05
2.05
2.05
2.05
2.05
2.05
2.05
2.05
2.05
2.05
2.05
2.05
2.05
2.05
2.408889
2.637209
2.766102
2.855555
2.915524
2.955207
2.979941
2.98992
2.990513
2.986154
2.972389
2.949263
2.921094
2.884745
2.844898
2.805238
2.762999
2.72113
2.67669
2.625969
2.572795
2.513179
2.443181
2.328068
2.05
2.05
2.05
2.05
2.05
2.05
2.05
2.05
2.05
2.05
2.05
2.05
2.05
2.05
2.05
2.05
2.05
2.05
2.05
2.05
2.05
2.05
2.05
2.05
2.05
2.05
2.05
2.05
2.05
2.05
2.05
2.05
2.05
2.05
2.05
2.05
2.05
2.05
2.05
2.05
2.05
2.05
2.05
2.05
2.05
2.05
2.05
2.05
2.05
2.05
2.05
2.05
2.05
2.05
2.05
2.493841
2.664053
2.74535
2.757545
2.74109
2.512885
2.05
2.05
2.05
2.05
2.05
2.05
2.05
2.05
2.05
2.05
2.05
2.05
2.05
2.05
2.05
2.497471
2.678673
2.791428
2.870151
2.921015
2.954083
2.97139
2.97511
2.973968
2.964267
2.945687
2.920695
2.88983
2.854875
2.815735
2.776871
2.732288
2.688366
2.642164
2.589808
2.535316
2.466608
2.374458
2.05
2.05
2.05
2.05
2.05
2.05
2.05
2.05
2.05
2.05
2.05
2.05
2.05
2.05
2.05
2.05
2.05
2.05
2.05
2.05
2.05
2.05
2.05
2.05
2.05
2.05
2.05
2.05
2.05
2.05
2.05
2.05
2.05
2.05
2.05
2.05
2.05
2.05
2.05
2.05
2.05
2.05
2.05
2.05
2.05
2.05
2.05
2.05
2.05
2.05
2.05
2.05
2.05
2.05
2.05
2.05
2.502575
2.670118
2.752896
2.765518
2.750706
2.549056
2.05
2.05
2.05
2.05
2.05
2.05
2.05
2.05
2.05
2.05
2.05
2.05
2.05
2.05
2.05
2.55487
2.712542
2.813052
2.880049
2.921809
2.948167
2.955784
2.956401
2.949
2.933172
2.908429
2.88233
2.850964
2.818145
2.781227
2.741036
2.698232
2.652924
2.601749
2.548364
2.48488
2.402621
2.05
2.05
2.05
2.05
2.05
2.05
2.05
2.05
2.05
2.05
2.05
2.05
2.05
2.05
2.05
2.05
2.05
2.05
2.05
2.05
2.05
2.05
2.05
2.05
2.05
2.05
2.05
2.05
2.05
2.05
2.05
2.05
2.05
2.05
2.05
2.05
2.05
2.05
2.05
2.05
2.05
2.05
2.05
2.05
2.05
2.05
2.05
2.05
2.05
2.05
2.05
2.05
2.05
2.05
2.05
2.05
2.05
2.504368
2.674149
2.756546
2.771422
2.762582
2.61456
2.05
2.05
2.05
2.05
2.05
2.05
2.05
2.05
2.05
2.05
2.05
2.05
2.05
2.05
2.286857
2.608019
2.741599
2.827353
2.882583
2.918076
2.933328
2.934793
2.930432
2.915549
2.891849
2.862463
2.833983
2.80364
2.773853
2.736791
2.698992
2.654996
2.60495
2.552554
2.490032
2.408997
2.05
2.05
2.05
2.05
2.05
2.05
2.05
2.05
2.05
2.05
2.05
2.05
2.05
2.05
2.05
2.05
2.05
2.05
2.05
2.05
2.05
2.05
2.05
2.05
2.05
2.05
2.05
2.05
2.05
2.05
2.05
2.05
2.05
2.05
2.05
2.05
2.05
2.05
2.05
2.05
2.05
2.05
2.05
2.05
2.05
2.05
2.05
2.05
2.05
2.05
2.05
2.05
2.05
2.05
2.05
2.05
2.05
2.05
2.500665
2.672483
2.756694
2.774354
2.770824
2.674809
2.05
2.05
2.05
2.05
2.05
2.05
2.05
2.05
2.05
2.05
2.05
2.05
2.05
2.05
2.452264
2.655404
2.768601
2.837794
2.881165
2.906206
2.909756
2.908917
2.894293
2.867277
2.837645
2.803401
2.773205
2.744033
2.713763
2.679321
2.640812
2.599281
2.547976
2.486619
2.406815
2.05
2.05
2.05
2.05
2.05
2.05
2.05
2.05
2.05
2.05
2.05
2.05
2.05
2.05
2.05
2.05
2.05
2.05
2.05
2.05
2.05
2.05
2.05
2.05
2.05
2.05
2.05
2.05
2.05
2.05
2.05
2.05
2.05
2.05
2.05
2.05
2.05
2.05
2.05
2.05
2.05
2.05
2.05
2.05
2.05
2.05
2.05
2.05
2.05
2.05
2.05
2.05
2.05
2.05
2.05
2.05
2.05
2.05
2.05
2.485629
2.663626
2.752432
2.774834
2.774593
2.72079
2.427591
2.05
2.05
2.05
2.05
2.05
2.05
2.05
2.05
2.05
2.05
2.05
2.05
2.05
2.543818
2.695506
2.78864
2.8406
2.874296
2.883078
2.882732
2.868405
2.838896
2.803958
2.764756
2.732567
2.702915
2.672035
2.642755
2.606498
2.570274
2.520081
2.45944
2.38033
2.05
2.05
2.05
2.05
2.05
2.05
2.05
2.05
2.05
2.05
2.05
2.05
2.05
2.05
2.05
2.05
2.05
2.05
2.05
2.05
2.05
2.05
2.05
2.05
2.05
2.05
2.05
2.05
2.05
2.05
2.05
2.05
2.05
2.05
2.05
2.05
2.05
2.05
2.05
2.05
2.05
2.05
2.05
2.05
2.05
2.05
2.05
2.05
2.05
2.05
2.05
2.05
2.05
2.05
2.05
2.05
2.05
2.05
2.05
2.05
2.451671
2.648142
2.742267
2.774666
2.774567
2.748459
2.586719
2.05
2.05
2.05
2.05
2.05
2.05
2.05
2.05
2.05
2.05
2.05
2.05
2.410335
2.619363
2.733855
2.798462
2.838334
2.853827
2.853904
2.840165
2.805848
2.76321
2.722419
2.687749
2.653961
2.623253
2.58902
2.55719
2.514926
2.46891
2.404897
2.286219
2.05
2.05
2.05
2.05
2.05
2.05
2.05
2.05
2.05
2.05
2.05
2.05
2.05
2.05
2.05
2.05
2.05
2.05
2.05
2.05
2.05
2.05
2.05
2.05
2.05
2.05
2.05
2.05
2.05
2.05
2.05
2.05
2.05
2.05
2.05
2.05
2.05
2.05
2.05
2.05
2.05
2.05
2.05
2.05
2.05
2.05
2.05
2.05
2.05
2.05
2.05
2.05
2.05
2.05
2.05
2.05
2.05
2.05
2.05
2.05
2.05
2.403203
2.621238
2.72585
2.771133
2.772985
2.762012
2.667852
2.05
2.05
2.05
2.05
2.05
2.05
2.05
2.05
2.05
2.05
2.05
2.405521
2.543933
2.676742
2.756212
2.798876
2.820185
2.820567
2.802296
2.76458
2.715299
2.677547
2.639594
2.603597
2.570418
2.533605
2.491718
2.445582
2.38841
2.05
2.05
2.05
2.05
2.05
2.05
2.05
2.05
2.05
2.05
2.05
2.05
2.05
2.05
2.05
2.05
2.05
2.05
2.05
2.05
2.05
2.05
2.05
2.05
2.05
2.05
2.05
2.05
2.05
2.05
2.05
2.05
2.05
2.05
2.05
2.05
2.05
2.05
2.05
2.05
2.05
2.05
2.05
2.05
2.05
2.05
2.05
2.05
2.05
2.05
2.05
2.05
2.05
2.05
2.05
2.05
2.05
2.05
2.05
2.05
2.05
2.05
2.05
2.05
2.295245
2.586469
2.702378
2.761873
2.770137
2.765964
2.71861
2.556369
2.05
2.05
2.05
2.05
2.05
2.05
2.05
2.435583
2.532761
2.592851
2.632396
2.654026
2.715017
2.757329
2.781633
2.781673
2.762332
2.714391
2.669331
2.628694
2.591494
2.558402
2.520426
2.473882
2.42489
2.356659
2.05
2.05
2.05
2.05
2.05
2.05
2.05
2.05
2.05
2.05
2.05
2.05
2.05
2.05
2.05
2.05
2.05
2.05
2.05
2.05
2.05
2.05
2.05
2.05
2.05
2.05
2.05
2.05
2.05
2.05
2.05
2.05
2.05
2.05
2.05
2.05
2.05
2.05
2.05
2.05
2.05
2.05
2.05
2.05
2.05
2.05
2.05
2.05
2.05
2.05
2.05
2.05
2.05
2.05
2.05
2.05
2.05
2.05
2.05
2.05
2.05
2.05
2.05
2.05
2.05
2.05
2.05
2.543467
2.674991
2.745884
2.766643
2.766042
2.748666
2.68426
2.560495
2.422283
2.377363
2.458199
2.532392
2.585721
2.625313
2.659445
2.67908
2.689864
2.692485
2.692059
2.71657
2.73844
2.737122
2.708295
2.661214
2.620486
2.581705
2.547647
2.508088
2.466516
2.413284
2.329933
2.05
2.05
2.05
2.05
2.05
2.05
2.05
2.05
2.05
2.05
2.05
2.05
2.05
2.05
2.05
2.05
2.05
2.05
2.05
2.05
2.05
2.05
2.05
2.05
2.05
2.05
2.05
2.05
2.05
2.05
2.05
2.05
2.05
2.05
2.05
2.05
2.05
2.05
2.05
2.05
2.05
2.05
2.05
2.05
2.05
2.05
2.05
2.05
2.05
2.05
2.05
2.05
2.05
2.05
2.05
2.05
2.05
2.05
2.05
2.05
2.05
2.05
2.05
2.05
2.05
2.05
2.05
2.05
2.05
2.486284
2.644267
2.726935
2.76101
2.763114
2.759225
2.741346
2.708614
2.681783
2.673189
2.685038
2.701587
2.711743
2.721376
2.724955
2.724982
2.721681
2.713112
2.70057
2.687092
2.683088
2.651468
2.62095
2.580618
2.540104
2.502654
2.464899
2.409878
2.33083
2.05
2.05
2.05
2.05
2.05
2.05
2.05
2.05
2.05
2.05
2.05
2.05
2.05
2.05
2.05
2.05
2.05
2.05
2.05
2.05
2.05
2.05
2.05
2.05
2.05
2.05
2.05
2.05
2.05
2.05
2.05
2.05
2.05
2.05
2.05
2.05
2.05
2.05
2.05
2.05
2.05
2.05
2.05
2.05
2.05
2.05
2.05
2.05
2.05
2.05
2.05
2.05
2.05
2.05
2.05
2.05
2.05
2.05
2.05
2.05
2.05
2.05
2.05
2.05
2.05
2.05
2.05
2.05
2.05
2.05
2.05
2.413874
2.601381
2.698036
2.748044
2.759662
2.759332
2.756729
2.753217
2.749133
2.746412
2.747793
2.748474
2.748404
2.747013
2.742504
2.734994
2.725465
2.713643
2.698122
2.676216
2.647909
2.611843
2.564079
2.502746
2.459913
2.412271
2.342048
2.05
2.05
2.05
2.05
2.05
2.05
2.05
2.05
2.05
2.05
2.05
2.05
2.05
2.05
2.05
2.05
2.05
2.05
2.05
2.05
2.05
2.05
2.05
2.05
2.05
2.05
2.05
2.05
2.05
2.05
2.05
2.05
2.05
2.05
2.05
2.05
2.05
2.05
2.05
2.05
2.05
2.05
2.05
2.05
2.05
2.05
2.05
2.05
2.05
2.05
2.05
2.05
2.05
2.05
2.05
2.05
2.05
2.05
2.05
2.05
2.05
2.05
2.05
2.05
2.05
2.05
2.05
2.05
2.05
2.05
2.05
2.05
2.05
2.05
2.549415
2.659768
2.720923
2.748911
2.756595
2.756624
2.755983
2.75593
2.755814
2.755262
2.753946
2.75154
2.74797
2.742488
2.733922
2.719712
2.698456
2.673082
2.640704
2.598147
2.544026
2.471498
2.409958
2.350432
2.05
2.05
2.05
2.05
2.05
2.05
2.05
2.05
2.05
2.05
2.05
2.05
2.05
2.05
2.05
2.05
2.05
2.05
2.05
2.05
2.05
2.05
2.05
2.05
2.05
2.05
2.05
2.05
2.05
2.05
2.05
2.05
2.05
2.05
2.05
2.05
2.05
2.05
2.05
2.05
2.05
2.05
2.05
2.05
2.05
2.05
2.05
2.05
2.05
2.05
2.05
2.05
2.05
2.05
2.05
2.05
2.05
2.05
2.05
2.05
2.05
2.05
2.05
2.05
2.05
2.05
2.05
2.05
2.05
2.05
2.05
2.05
2.05
2.05
2.05
2.05
2.47664
2.606465
2.679365
2.718242
2.737521
2.746757
2.75128
2.75286
2.752843
2.752226
2.749109
2.744688
2.737318
2.726022
2.710162
2.68811
2.660886
2.623715
2.575446
2.519062
2.435707
2.35852
2.05
2.05
2.05
2.05
2.05
2.05
2.05
2.05
2.05
2.05
2.05
2.05
2.05
2.05
2.05
2.05
2.05
2.05
2.05
2.05
2.05
2.05
2.05
2.05
2.05
2.05
2.05
2.05
2.05
2.05
2.05
2.05
2.05
2.05
2.05
2.05
2.05
2.05
2.05
2.05
2.05
2.05
2.05
2.05
2.05
2.05
2.05
2.05
2.05
2.05
2.05
2.05
2.05
2.05
2.05
2.05
2.05
2.05
2.05
2.05
2.05
2.05
2.05
2.05
2.05
2.05
2.05
2.05
2.05
2.05
2.05
2.05
2.05
2.05
2.05
2.05
2.05
2.05
2.337798
2.530336
2.613607
2.662929
2.690826
2.709002
2.717124
2.721961
2.72189
2.721159
2.717337
2.709982
2.698501
2.682172
2.660619
2.628837
2.595031
2.541407
2.474562
2.379423
2.05
2.05
2.05
2.05
2.05
2.05
2.05
2.05
2.05
2.05
2.05
2.05
2.05
2.05
2.05
2.05
2.05
2.05
2.05
2.05
2.05
2.05
2.05
2.05
2.05
2.05
2.05
2.05
2.05
2.05
2.05
2.05
2.05
2.05
2.05
2.05
2.05
2.05
2.05
2.05
2.05
2.05
2.05
2.05
2.05
2.05
2.05
2.05
2.05
2.05
2.05
2.05
2.05
2.05
2.05
2.05
2.05
2.05
2.05
2.05
2.05
2.05
2.05
2.05
2.05
2.05
2.05
2.05
2.05
2.05
2.05
2.05
2.05
2.05
2.05
2.05
2.05
2.05
2.05
2.05
2.05
2.392348
2.518407
2.579719
2.616901
2.642616
2.654647
2.662133
2.662049
2.661308
2.656241
2.650447
2.635832
2.611465
2.585482
2.543453
2.489487
2.412456
2.05
2.05
2.05
2.05
2.05
2.05
2.05
2.05
2.05
2.05
2.05
2.05
2.05
2.05
2.05
2.05
2.05
2.05
2.05
2.05
2.05
2.05
2.05
2.05
2.05
2.05
2.05
2.05
2.05
2.05
2.05
2.05
2.05
2.05
2.05
2.05
2.05
2.05
2.05
2.05
2.05
2.05
2.05
2.05
2.05
2.05
2.05
2.05
2.05
2.05
2.05
2.05
2.05
2.05
2.05
2.05
2.05
2.05
2.05
2.05
2.05
2.05
2.05
2.05
2.05
2.05
2.05
2.05
2.05
2.05
2.05
2.05
2.05
2.05
2.05
2.05
2.05
2.05
2.05
2.05
2.05
2.05
2.05
2.05
2.312298
2.445046
2.501587
2.539131
2.559618
2.569406
2.57388
2.573624
2.567629
2.556215
2.539095
2.505539
2.465254
2.401678
2.05
2.05
2.05
2.05
2.05
2.05
2.05
2.05
2.05
2.05
2.05
2.05
2.05
2.05
2.05
2.05
2.05
2.05
2.05
2.05
2.05
2.05
2.05
2.05
2.05
2.05
2.05
2.05
2.05
2.05
2.05
2.05
2.05
2.05
2.05
2.05
2.05
2.05
2.05
2.05
2.05
2.05
2.05
2.05
2.05
2.05
2.05
2.05
2.05
2.05
2.05
2.05
2.05
2.05
2.05
2.05
2.05
2.05
2.05
2.05
2.05
2.05
2.05
2.05
2.05
2.05
2.05
2.05
2.05
2.05
2.05
2.05
2.05
2.05
2.05
2.05
2.05
2.05
2.05
2.05
2.05
2.05
2.05
2.05
2.05
2.05
2.05
2.05
2.05
2.336941
2.391699
2.415442
2.421239
2.420941
2.414485
2.396048
2.359418
2.05
2.05
2.05
2.05
2.05
2.05
2.05
2.05
2.05
2.05
2.05
2.05
2.05
2.05
2.05
2.05
2.05
2.05
2.05
2.05
2.05
2.05
2.05
2.05
2.05
2.05
2.05
2.05
2.05
2.05
2.05
2.05
2.05
2.05
2.05
2.05
2.05
2.05
2.05
2.05
2.05
2.05
2.05
2.05
2.05
2.05
2.05
2.05
2.05
2.05
2.05
2.05
2.05
2.05
2.05
2.05
2.05
2.05
2.05
2.05
2.05
2.05
2.05
2.05
2.05
2.05
2.05
2.05
2.05
2.05
2.05
2.05
2.05
2.05
2.05
2.05
2.05
2.05
2.05
2.05
2.05
2.05
2.05
2.05
2.05
2.05
2.05
2.05
2.05
2.05
2.05
2.05
2.05
2.05
2.05
2.05
2.05
2.05
2.05
2.05
2.05
2.05
2.05
2.05
2.05
2.05
2.05
2.05
2.05
2.05
2.05
2.05
2.05
2.05
2.05
2.05
2.05
2.05
2.05
2.05
2.05
2.05
2.05
2.05
2.05
2.05
2.05
2.05
2.05
2.05
2.05
2.05
2.05
2.05
2.05
2.05
2.05
2.05
2.05
2.05
2.05
2.05
2.05
2.05
2.05
2.05
2.05
2.05
2.05
2.05
2.05
2.05
2.05
2.05
2.05
2.05
2.05
2.05
2.05
2.05
2.05
2.05
2.05
2.05
2.05
2.05
2.05
2.05
2.05
2.05
2.05
2.05
2.05
2.05
2.05
2.05
2.05
2.05
2.05
2.05
2.05
2.05
2.05
2.05
2.05
2.05
2.05
2.05
2.05
2.05
2.05
2.05
2.05
2.05
2.05
2.05
2.05
2.05
2.05
2.05
2.05
2.05
2.05
2.05
2.05
2.05
2.05
2.05
2.05
2.05
2.05
2.05
2.05
2.05
2.05
2.05
2.05
2.05
2.05
2.05
2.05
2.05
2.05
2.05
2.05
2.05
2.05
2.05
2.05
2.05
2.05
2.05
2.05
2.05
2.05
2.05
2.05
2.05
2.05
2.05
2.05
2.05
2.05
2.05
2.05
2.05
2.05
2.05
2.05
2.05
2.05
2.05
2.05
2.05
2.05
